Time_UTC,Load,BA
2018-01-01 00:00:00,2663.37,PGE
2018-01-01 01:00:00,2775.81,PGE
2018-01-01 02:00:00,2845.02,PGE
2018-01-01 03:00:00,2911.29,PGE
2018-01-01 04:00:00,2852.75,PGE
2018-01-01 05:00:00,2774.26,PGE
2018-01-01 06:00:00,2650.99,PGE
2018-01-01 07:00:00,2489.91,PGE
2018-01-01 08:00:00,2336.15,PGE
2018-01-01 09:00:00,2213.03,PGE
2018-01-01 10:00:00,2154.22,PGE
2018-01-01 11:00:00,2130.22,PGE
2018-01-01 12:00:00,2174.44,PGE
2018-01-01 13:00:00,2295.72,PGE
2018-01-01 14:00:00,2433.23,PGE
2018-01-01 15:00:00,2561.64,PGE
2018-01-01 16:00:00,2702.17,PGE
2018-01-01 17:00:00,2895.5,PGE
2018-01-01 18:00:00,2919.34,PGE
2018-01-01 19:00:00,2866.66,PGE
2018-01-01 20:00:00,2820.1,PGE
2018-01-01 21:00:00,2791.81,PGE
2018-01-01 22:00:00,2802.09,PGE
2018-01-01 23:00:00,2831.56,PGE
2018-01-02 00:00:00,2784.78,PGE
2018-01-02 01:00:00,2964.07,PGE
2018-01-02 02:00:00,3058.33,PGE
2018-01-02 03:00:00,3125.38,PGE
2018-01-02 04:00:00,3158.99,PGE
2018-01-02 05:00:00,2991.93,PGE
2018-01-02 06:00:00,2795.24,PGE
2018-01-02 07:00:00,2594.76,PGE
2018-01-02 08:00:00,2403.88,PGE
2018-01-02 09:00:00,2239.51,PGE
2018-01-02 10:00:00,2158.52,PGE
2018-01-02 11:00:00,2140.69,PGE
2018-01-02 12:00:00,2259.72,PGE
2018-01-02 13:00:00,2417.39,PGE
2018-01-02 14:00:00,2580.53,PGE
2018-01-02 15:00:00,2737.2,PGE
2018-01-02 16:00:00,2904.81,PGE
2018-01-02 17:00:00,3114.2,PGE
2018-01-02 18:00:00,3099.3,PGE
2018-01-02 19:00:00,3068.44,PGE
2018-01-02 20:00:00,3031.99,PGE
2018-01-02 21:00:00,2993.48,PGE
2018-01-02 22:00:00,2995.54,PGE
2018-01-02 23:00:00,3026.46,PGE
2018-01-03 00:00:00,3056.83,PGE
2018-01-03 01:00:00,3159.71,PGE
2018-01-03 02:00:00,3220.16,PGE
2018-01-03 03:00:00,3254.74,PGE
2018-01-03 04:00:00,3246.51,PGE
2018-01-03 05:00:00,3064.07,PGE
2018-01-03 06:00:00,2852.55,PGE
2018-01-03 07:00:00,2638.0,PGE
2018-01-03 08:00:00,2426.14,PGE
2018-01-03 09:00:00,2234.38,PGE
2018-01-03 10:00:00,2139.74,PGE
2018-01-03 11:00:00,2143.11,PGE
2018-01-03 12:00:00,2280.62,PGE
2018-01-03 13:00:00,2409.77,PGE
2018-01-03 14:00:00,2553.58,PGE
2018-01-03 15:00:00,2701.43,PGE
2018-01-03 16:00:00,2857.74,PGE
2018-01-03 17:00:00,3030.69,PGE
2018-01-03 18:00:00,2973.5,PGE
2018-01-03 19:00:00,2910.94,PGE
2018-01-03 20:00:00,2855.59,PGE
2018-01-03 21:00:00,2818.61,PGE
2018-01-03 22:00:00,2791.69,PGE
2018-01-03 23:00:00,2795.56,PGE
2018-01-04 00:00:00,2776.14,PGE
2018-01-04 01:00:00,2925.29,PGE
2018-01-04 02:00:00,2998.19,PGE
2018-01-04 03:00:00,3044.79,PGE
2018-01-04 04:00:00,3069.34,PGE
2018-01-04 05:00:00,2921.6,PGE
2018-01-04 06:00:00,2730.33,PGE
2018-01-04 07:00:00,2550.88,PGE
2018-01-04 08:00:00,2348.82,PGE
2018-01-04 09:00:00,2172.97,PGE
2018-01-04 10:00:00,2075.58,PGE
2018-01-04 11:00:00,2053.76,PGE
2018-01-04 12:00:00,2175.97,PGE
2018-01-04 13:00:00,2363.11,PGE
2018-01-04 14:00:00,2544.95,PGE
2018-01-04 15:00:00,2702.32,PGE
2018-01-04 16:00:00,2857.29,PGE
2018-01-04 17:00:00,3037.7,PGE
2018-01-04 18:00:00,2954.65,PGE
2018-01-04 19:00:00,2876.96,PGE
2018-01-04 20:00:00,2820.43,PGE
2018-01-04 21:00:00,2789.0,PGE
2018-01-04 22:00:00,2774.18,PGE
2018-01-04 23:00:00,2767.54,PGE
2018-01-05 00:00:00,2748.48,PGE
2018-01-05 01:00:00,2902.31,PGE
2018-01-05 02:00:00,3016.77,PGE
2018-01-05 03:00:00,3076.97,PGE
2018-01-05 04:00:00,3067.36,PGE
2018-01-05 05:00:00,2900.06,PGE
2018-01-05 06:00:00,2687.66,PGE
2018-01-05 07:00:00,2471.53,PGE
2018-01-05 08:00:00,2281.06,PGE
2018-01-05 09:00:00,2115.57,PGE
2018-01-05 10:00:00,2013.36,PGE
2018-01-05 11:00:00,1976.1,PGE
2018-01-05 12:00:00,2095.13,PGE
2018-01-05 13:00:00,2240.45,PGE
2018-01-05 14:00:00,2401.79,PGE
2018-01-05 15:00:00,2537.73,PGE
2018-01-05 16:00:00,2700.45,PGE
2018-01-05 17:00:00,2850.22,PGE
2018-01-05 18:00:00,2801.71,PGE
2018-01-05 19:00:00,2746.91,PGE
2018-01-05 20:00:00,2690.9,PGE
2018-01-05 21:00:00,2634.91,PGE
2018-01-05 22:00:00,2606.12,PGE
2018-01-05 23:00:00,2612.92,PGE
2018-01-06 00:00:00,2505.88,PGE
2018-01-06 01:00:00,2624.21,PGE
2018-01-06 02:00:00,2702.77,PGE
2018-01-06 03:00:00,2738.24,PGE
2018-01-06 04:00:00,2750.52,PGE
2018-01-06 05:00:00,2679.9,PGE
2018-01-06 06:00:00,2525.17,PGE
2018-01-06 07:00:00,2346.59,PGE
2018-01-06 08:00:00,2184.39,PGE
2018-01-06 09:00:00,2037.92,PGE
2018-01-06 10:00:00,1943.67,PGE
2018-01-06 11:00:00,1890.44,PGE
2018-01-06 12:00:00,1869.23,PGE
2018-01-06 13:00:00,1927.2,PGE
2018-01-06 14:00:00,2017.35,PGE
2018-01-06 15:00:00,2110.1,PGE
2018-01-06 16:00:00,2236.12,PGE
2018-01-06 17:00:00,2420.22,PGE
2018-01-06 18:00:00,2507.3,PGE
2018-01-06 19:00:00,2549.48,PGE
2018-01-06 20:00:00,2563.21,PGE
2018-01-06 21:00:00,2570.76,PGE
2018-01-06 22:00:00,2590.16,PGE
2018-01-06 23:00:00,2608.53,PGE
2018-01-07 00:00:00,2628.8,PGE
2018-01-07 01:00:00,2699.15,PGE
2018-01-07 02:00:00,2732.37,PGE
2018-01-07 03:00:00,2775.0,PGE
2018-01-07 04:00:00,2781.95,PGE
2018-01-07 05:00:00,2638.43,PGE
2018-01-07 06:00:00,2485.88,PGE
2018-01-07 07:00:00,2346.35,PGE
2018-01-07 08:00:00,2215.71,PGE
2018-01-07 09:00:00,2106.16,PGE
2018-01-07 10:00:00,2033.07,PGE
2018-01-07 11:00:00,1972.73,PGE
2018-01-07 12:00:00,1960.11,PGE
2018-01-07 13:00:00,2049.14,PGE
2018-01-07 14:00:00,2169.09,PGE
2018-01-07 15:00:00,2256.93,PGE
2018-01-07 16:00:00,2346.19,PGE
2018-01-07 17:00:00,2532.66,PGE
2018-01-07 18:00:00,2612.81,PGE
2018-01-07 19:00:00,2609.81,PGE
2018-01-07 20:00:00,2599.34,PGE
2018-01-07 21:00:00,2594.52,PGE
2018-01-07 22:00:00,2609.24,PGE
2018-01-07 23:00:00,2621.47,PGE
2018-01-08 00:00:00,2759.11,PGE
2018-01-08 01:00:00,2841.77,PGE
2018-01-08 02:00:00,2890.92,PGE
2018-01-08 03:00:00,2914.09,PGE
2018-01-08 04:00:00,2893.65,PGE
2018-01-08 05:00:00,2742.53,PGE
2018-01-08 06:00:00,2543.75,PGE
2018-01-08 07:00:00,2341.23,PGE
2018-01-08 08:00:00,2163.47,PGE
2018-01-08 09:00:00,2031.03,PGE
2018-01-08 10:00:00,1951.57,PGE
2018-01-08 11:00:00,1924.4,PGE
2018-01-08 12:00:00,2015.44,PGE
2018-01-08 13:00:00,2179.72,PGE
2018-01-08 14:00:00,2355.28,PGE
2018-01-08 15:00:00,2533.18,PGE
2018-01-08 16:00:00,2712.96,PGE
2018-01-08 17:00:00,2854.78,PGE
2018-01-08 18:00:00,2814.45,PGE
2018-01-08 19:00:00,2770.52,PGE
2018-01-08 20:00:00,2740.72,PGE
2018-01-08 21:00:00,2720.78,PGE
2018-01-08 22:00:00,2736.65,PGE
2018-01-08 23:00:00,2759.38,PGE
2018-01-09 00:00:00,2761.3,PGE
2018-01-09 01:00:00,2832.1,PGE
2018-01-09 02:00:00,2886.45,PGE
2018-01-09 03:00:00,2943.4,PGE
2018-01-09 04:00:00,2938.54,PGE
2018-01-09 05:00:00,2782.04,PGE
2018-01-09 06:00:00,2561.32,PGE
2018-01-09 07:00:00,2356.18,PGE
2018-01-09 08:00:00,2142.94,PGE
2018-01-09 09:00:00,2011.32,PGE
2018-01-09 10:00:00,1926.85,PGE
2018-01-09 11:00:00,1879.7,PGE
2018-01-09 12:00:00,1954.25,PGE
2018-01-09 13:00:00,2096.12,PGE
2018-01-09 14:00:00,2243.29,PGE
2018-01-09 15:00:00,2400.82,PGE
2018-01-09 16:00:00,2558.83,PGE
2018-01-09 17:00:00,2670.66,PGE
2018-01-09 18:00:00,2724.76,PGE
2018-01-09 19:00:00,2764.51,PGE
2018-01-09 20:00:00,2781.65,PGE
2018-01-09 21:00:00,2774.62,PGE
2018-01-09 22:00:00,2754.67,PGE
2018-01-09 23:00:00,2750.68,PGE
2018-01-10 00:00:00,2679.91,PGE
2018-01-10 01:00:00,2804.64,PGE
2018-01-10 02:00:00,2867.19,PGE
2018-01-10 03:00:00,2948.43,PGE
2018-01-10 04:00:00,2964.27,PGE
2018-01-10 05:00:00,2829.41,PGE
2018-01-10 06:00:00,2626.68,PGE
2018-01-10 07:00:00,2420.46,PGE
2018-01-10 08:00:00,2217.64,PGE
2018-01-10 09:00:00,2090.18,PGE
2018-01-10 10:00:00,2025.61,PGE
2018-01-10 11:00:00,2008.73,PGE
2018-01-10 12:00:00,2124.28,PGE
2018-01-10 13:00:00,2298.11,PGE
2018-01-10 14:00:00,2470.45,PGE
2018-01-10 15:00:00,2640.11,PGE
2018-01-10 16:00:00,2806.92,PGE
2018-01-10 17:00:00,2980.02,PGE
2018-01-10 18:00:00,2954.54,PGE
2018-01-10 19:00:00,2911.03,PGE
2018-01-10 20:00:00,2882.79,PGE
2018-01-10 21:00:00,2862.95,PGE
2018-01-10 22:00:00,2856.42,PGE
2018-01-10 23:00:00,2854.46,PGE
2018-01-11 00:00:00,2791.43,PGE
2018-01-11 01:00:00,2858.39,PGE
2018-01-11 02:00:00,2898.1,PGE
2018-01-11 03:00:00,2899.01,PGE
2018-01-11 04:00:00,2859.48,PGE
2018-01-11 05:00:00,2710.1,PGE
2018-01-11 06:00:00,2512.98,PGE
2018-01-11 07:00:00,2307.24,PGE
2018-01-11 08:00:00,2147.91,PGE
2018-01-11 09:00:00,2028.24,PGE
2018-01-11 10:00:00,1927.96,PGE
2018-01-11 11:00:00,1863.55,PGE
2018-01-11 12:00:00,1912.23,PGE
2018-01-11 13:00:00,2071.27,PGE
2018-01-11 14:00:00,2259.17,PGE
2018-01-11 15:00:00,2455.19,PGE
2018-01-11 16:00:00,2646.66,PGE
2018-01-11 17:00:00,2763.35,PGE
2018-01-11 18:00:00,2785.67,PGE
2018-01-11 19:00:00,2778.5,PGE
2018-01-11 20:00:00,2766.43,PGE
2018-01-11 21:00:00,2764.51,PGE
2018-01-11 22:00:00,2763.39,PGE
2018-01-11 23:00:00,2753.35,PGE
2018-01-12 00:00:00,2785.64,PGE
2018-01-12 01:00:00,2837.16,PGE
2018-01-12 02:00:00,2880.08,PGE
2018-01-12 03:00:00,2907.83,PGE
2018-01-12 04:00:00,2897.07,PGE
2018-01-12 05:00:00,2798.14,PGE
2018-01-12 06:00:00,2593.63,PGE
2018-01-12 07:00:00,2397.42,PGE
2018-01-12 08:00:00,2213.48,PGE
2018-01-12 09:00:00,2064.92,PGE
2018-01-12 10:00:00,1964.22,PGE
2018-01-12 11:00:00,1915.67,PGE
2018-01-12 12:00:00,1979.85,PGE
2018-01-12 13:00:00,2131.33,PGE
2018-01-12 14:00:00,2285.63,PGE
2018-01-12 15:00:00,2437.33,PGE
2018-01-12 16:00:00,2590.7,PGE
2018-01-12 17:00:00,2687.9,PGE
2018-01-12 18:00:00,2678.19,PGE
2018-01-12 19:00:00,2658.94,PGE
2018-01-12 20:00:00,2640.84,PGE
2018-01-12 21:00:00,2654.92,PGE
2018-01-12 22:00:00,2632.17,PGE
2018-01-12 23:00:00,2626.16,PGE
2018-01-13 00:00:00,2508.08,PGE
2018-01-13 01:00:00,2549.99,PGE
2018-01-13 02:00:00,2576.37,PGE
2018-01-13 03:00:00,2652.1,PGE
2018-01-13 04:00:00,2658.21,PGE
2018-01-13 05:00:00,2535.81,PGE
2018-01-13 06:00:00,2387.32,PGE
2018-01-13 07:00:00,2206.5,PGE
2018-01-13 08:00:00,2059.05,PGE
2018-01-13 09:00:00,1948.63,PGE
2018-01-13 10:00:00,1869.16,PGE
2018-01-13 11:00:00,1819.4,PGE
2018-01-13 12:00:00,1808.26,PGE
2018-01-13 13:00:00,1853.54,PGE
2018-01-13 14:00:00,1967.82,PGE
2018-01-13 15:00:00,2094.89,PGE
2018-01-13 16:00:00,2228.38,PGE
2018-01-13 17:00:00,2410.55,PGE
2018-01-13 18:00:00,2398.61,PGE
2018-01-13 19:00:00,2382.92,PGE
2018-01-13 20:00:00,2365.99,PGE
2018-01-13 21:00:00,2350.32,PGE
2018-01-13 22:00:00,2340.01,PGE
2018-01-13 23:00:00,2338.75,PGE
2018-01-14 00:00:00,2425.86,PGE
2018-01-14 01:00:00,2478.87,PGE
2018-01-14 02:00:00,2492.05,PGE
2018-01-14 03:00:00,2518.69,PGE
2018-01-14 04:00:00,2555.69,PGE
2018-01-14 05:00:00,2483.05,PGE
2018-01-14 06:00:00,2351.7,PGE
2018-01-14 07:00:00,2194.59,PGE
2018-01-14 08:00:00,2046.94,PGE
2018-01-14 09:00:00,1939.46,PGE
2018-01-14 10:00:00,1860.55,PGE
2018-01-14 11:00:00,1841.07,PGE
2018-01-14 12:00:00,1853.12,PGE
2018-01-14 13:00:00,1895.15,PGE
2018-01-14 14:00:00,1973.53,PGE
2018-01-14 15:00:00,2062.81,PGE
2018-01-14 16:00:00,2197.69,PGE
2018-01-14 17:00:00,2395.2,PGE
2018-01-14 18:00:00,2446.52,PGE
2018-01-14 19:00:00,2457.76,PGE
2018-01-14 20:00:00,2446.34,PGE
2018-01-14 21:00:00,2431.75,PGE
2018-01-14 22:00:00,2428.1,PGE
2018-01-14 23:00:00,2443.58,PGE
2018-01-15 00:00:00,2209.74,PGE
2018-01-15 01:00:00,2394.95,PGE
2018-01-15 02:00:00,2511.53,PGE
2018-01-15 03:00:00,2593.59,PGE
2018-01-15 04:00:00,2556.53,PGE
2018-01-15 05:00:00,2436.79,PGE
2018-01-15 06:00:00,2308.15,PGE
2018-01-15 07:00:00,2164.89,PGE
2018-01-15 08:00:00,2007.78,PGE
2018-01-15 09:00:00,1870.68,PGE
2018-01-15 10:00:00,1819.22,PGE
2018-01-15 11:00:00,1794.59,PGE
2018-01-15 12:00:00,1852.05,PGE
2018-01-15 13:00:00,1958.05,PGE
2018-01-15 14:00:00,2117.61,PGE
2018-01-15 15:00:00,2267.54,PGE
2018-01-15 16:00:00,2424.22,PGE
2018-01-15 17:00:00,2594.4,PGE
2018-01-15 18:00:00,2667.94,PGE
2018-01-15 19:00:00,2618.92,PGE
2018-01-15 20:00:00,2602.56,PGE
2018-01-15 21:00:00,2600.45,PGE
2018-01-15 22:00:00,2616.57,PGE
2018-01-15 23:00:00,2631.58,PGE
2018-01-16 00:00:00,2604.23,PGE
2018-01-16 01:00:00,2737.35,PGE
2018-01-16 02:00:00,2772.34,PGE
2018-01-16 03:00:00,2830.55,PGE
2018-01-16 04:00:00,2861.86,PGE
2018-01-16 05:00:00,2733.67,PGE
2018-01-16 06:00:00,2560.07,PGE
2018-01-16 07:00:00,2341.54,PGE
2018-01-16 08:00:00,2113.92,PGE
2018-01-16 09:00:00,1983.18,PGE
2018-01-16 10:00:00,1892.04,PGE
2018-01-16 11:00:00,1843.93,PGE
2018-01-16 12:00:00,1921.0,PGE
2018-01-16 13:00:00,2092.21,PGE
2018-01-16 14:00:00,2260.27,PGE
2018-01-16 15:00:00,2431.89,PGE
2018-01-16 16:00:00,2615.31,PGE
2018-01-16 17:00:00,2689.74,PGE
2018-01-16 18:00:00,2682.03,PGE
2018-01-16 19:00:00,2645.78,PGE
2018-01-16 20:00:00,2612.42,PGE
2018-01-16 21:00:00,2586.32,PGE
2018-01-16 22:00:00,2565.75,PGE
2018-01-16 23:00:00,2561.35,PGE
2018-01-17 00:00:00,2438.72,PGE
2018-01-17 01:00:00,2563.39,PGE
2018-01-17 02:00:00,2649.67,PGE
2018-01-17 03:00:00,2741.13,PGE
2018-01-17 04:00:00,2806.33,PGE
2018-01-17 05:00:00,2705.95,PGE
2018-01-17 06:00:00,2508.93,PGE
2018-01-17 07:00:00,2317.64,PGE
2018-01-17 08:00:00,2136.49,PGE
2018-01-17 09:00:00,1987.08,PGE
2018-01-17 10:00:00,1900.29,PGE
2018-01-17 11:00:00,1870.61,PGE
2018-01-17 12:00:00,1959.35,PGE
2018-01-17 13:00:00,2138.25,PGE
2018-01-17 14:00:00,2294.89,PGE
2018-01-17 15:00:00,2454.09,PGE
2018-01-17 16:00:00,2624.61,PGE
2018-01-17 17:00:00,2727.04,PGE
2018-01-17 18:00:00,2685.7,PGE
2018-01-17 19:00:00,2635.87,PGE
2018-01-17 20:00:00,2601.97,PGE
2018-01-17 21:00:00,2580.5,PGE
2018-01-17 22:00:00,2574.39,PGE
2018-01-17 23:00:00,2608.86,PGE
2018-01-18 00:00:00,2653.61,PGE
2018-01-18 01:00:00,2727.73,PGE
2018-01-18 02:00:00,2770.11,PGE
2018-01-18 03:00:00,2802.86,PGE
2018-01-18 04:00:00,2798.48,PGE
2018-01-18 05:00:00,2733.59,PGE
2018-01-18 06:00:00,2549.03,PGE
2018-01-18 07:00:00,2359.53,PGE
2018-01-18 08:00:00,2179.99,PGE
2018-01-18 09:00:00,2010.85,PGE
2018-01-18 10:00:00,1915.47,PGE
2018-01-18 11:00:00,1862.58,PGE
2018-01-18 12:00:00,1938.96,PGE
2018-01-18 13:00:00,2102.74,PGE
2018-01-18 14:00:00,2277.53,PGE
2018-01-18 15:00:00,2452.94,PGE
2018-01-18 16:00:00,2646.63,PGE
2018-01-18 17:00:00,2734.01,PGE
2018-01-18 18:00:00,2744.69,PGE
2018-01-18 19:00:00,2736.52,PGE
2018-01-18 20:00:00,2751.29,PGE
2018-01-18 21:00:00,2755.57,PGE
2018-01-18 22:00:00,2760.17,PGE
2018-01-18 23:00:00,2777.12,PGE
2018-01-19 00:00:00,2746.76,PGE
2018-01-19 01:00:00,2783.02,PGE
2018-01-19 02:00:00,2812.27,PGE
2018-01-19 03:00:00,2875.2,PGE
2018-01-19 04:00:00,2881.29,PGE
2018-01-19 05:00:00,2776.3,PGE
2018-01-19 06:00:00,2584.64,PGE
2018-01-19 07:00:00,2416.31,PGE
2018-01-19 08:00:00,2229.99,PGE
2018-01-19 09:00:00,2078.33,PGE
2018-01-19 10:00:00,1996.32,PGE
2018-01-19 11:00:00,1964.3,PGE
2018-01-19 12:00:00,2060.92,PGE
2018-01-19 13:00:00,2232.86,PGE
2018-01-19 14:00:00,2392.3,PGE
2018-01-19 15:00:00,2561.24,PGE
2018-01-19 16:00:00,2750.81,PGE
2018-01-19 17:00:00,2880.13,PGE
2018-01-19 18:00:00,2866.02,PGE
2018-01-19 19:00:00,2842.02,PGE
2018-01-19 20:00:00,2846.88,PGE
2018-01-19 21:00:00,2841.73,PGE
2018-01-19 22:00:00,2849.49,PGE
2018-01-19 23:00:00,2860.21,PGE
2018-01-20 00:00:00,2735.97,PGE
2018-01-20 01:00:00,2810.45,PGE
2018-01-20 02:00:00,2847.96,PGE
2018-01-20 03:00:00,2895.41,PGE
2018-01-20 04:00:00,2887.76,PGE
2018-01-20 05:00:00,2745.9,PGE
2018-01-20 06:00:00,2579.7,PGE
2018-01-20 07:00:00,2386.76,PGE
2018-01-20 08:00:00,2213.56,PGE
2018-01-20 09:00:00,2106.4,PGE
2018-01-20 10:00:00,2032.73,PGE
2018-01-20 11:00:00,2002.73,PGE
2018-01-20 12:00:00,2012.73,PGE
2018-01-20 13:00:00,2089.54,PGE
2018-01-20 14:00:00,2183.14,PGE
2018-01-20 15:00:00,2279.54,PGE
2018-01-20 16:00:00,2379.55,PGE
2018-01-20 17:00:00,2535.44,PGE
2018-01-20 18:00:00,2633.76,PGE
2018-01-20 19:00:00,2657.01,PGE
2018-01-20 20:00:00,2681.22,PGE
2018-01-20 21:00:00,2688.12,PGE
2018-01-20 22:00:00,2704.9,PGE
2018-01-20 23:00:00,2724.37,PGE
2018-01-21 00:00:00,2799.22,PGE
2018-01-21 01:00:00,2800.25,PGE
2018-01-21 02:00:00,2824.59,PGE
2018-01-21 03:00:00,2832.39,PGE
2018-01-21 04:00:00,2815.19,PGE
2018-01-21 05:00:00,2672.48,PGE
2018-01-21 06:00:00,2557.96,PGE
2018-01-21 07:00:00,2407.68,PGE
2018-01-21 08:00:00,2248.64,PGE
2018-01-21 09:00:00,2092.22,PGE
2018-01-21 10:00:00,2034.94,PGE
2018-01-21 11:00:00,1997.55,PGE
2018-01-21 12:00:00,1998.58,PGE
2018-01-21 13:00:00,2074.38,PGE
2018-01-21 14:00:00,2179.93,PGE
2018-01-21 15:00:00,2277.55,PGE
2018-01-21 16:00:00,2367.21,PGE
2018-01-21 17:00:00,2498.65,PGE
2018-01-21 18:00:00,2589.41,PGE
2018-01-21 19:00:00,2678.37,PGE
2018-01-21 20:00:00,2664.16,PGE
2018-01-21 21:00:00,2640.52,PGE
2018-01-21 22:00:00,2647.07,PGE
2018-01-21 23:00:00,2625.06,PGE
2018-01-22 00:00:00,2704.28,PGE
2018-01-22 01:00:00,2801.71,PGE
2018-01-22 02:00:00,2861.48,PGE
2018-01-22 03:00:00,2887.5,PGE
2018-01-22 04:00:00,2887.73,PGE
2018-01-22 05:00:00,2772.75,PGE
2018-01-22 06:00:00,2584.16,PGE
2018-01-22 07:00:00,2382.94,PGE
2018-01-22 08:00:00,2200.65,PGE
2018-01-22 09:00:00,2060.34,PGE
2018-01-22 10:00:00,1982.49,PGE
2018-01-22 11:00:00,1956.76,PGE
2018-01-22 12:00:00,2063.35,PGE
2018-01-22 13:00:00,2233.63,PGE
2018-01-22 14:00:00,2402.81,PGE
2018-01-22 15:00:00,2567.61,PGE
2018-01-22 16:00:00,2741.05,PGE
2018-01-22 17:00:00,2870.94,PGE
2018-01-22 18:00:00,2852.51,PGE
2018-01-22 19:00:00,2825.84,PGE
2018-01-22 20:00:00,2796.32,PGE
2018-01-22 21:00:00,2778.33,PGE
2018-01-22 22:00:00,2774.52,PGE
2018-01-22 23:00:00,2765.15,PGE
2018-01-23 00:00:00,2644.26,PGE
2018-01-23 01:00:00,2779.4,PGE
2018-01-23 02:00:00,2847.2,PGE
2018-01-23 03:00:00,2898.41,PGE
2018-01-23 04:00:00,2915.31,PGE
2018-01-23 05:00:00,2787.04,PGE
2018-01-23 06:00:00,2612.69,PGE
2018-01-23 07:00:00,2412.54,PGE
2018-01-23 08:00:00,2206.48,PGE
2018-01-23 09:00:00,2074.69,PGE
2018-01-23 10:00:00,2024.7,PGE
2018-01-23 11:00:00,1995.38,PGE
2018-01-23 12:00:00,2086.48,PGE
2018-01-23 13:00:00,2263.49,PGE
2018-01-23 14:00:00,2456.05,PGE
2018-01-23 15:00:00,2632.33,PGE
2018-01-23 16:00:00,2832.51,PGE
2018-01-23 17:00:00,2994.35,PGE
2018-01-23 18:00:00,2967.62,PGE
2018-01-23 19:00:00,2923.22,PGE
2018-01-23 20:00:00,2891.23,PGE
2018-01-23 21:00:00,2856.27,PGE
2018-01-23 22:00:00,2831.3,PGE
2018-01-23 23:00:00,2819.63,PGE
2018-01-24 00:00:00,2838.43,PGE
2018-01-24 01:00:00,2883.82,PGE
2018-01-24 02:00:00,2928.06,PGE
2018-01-24 03:00:00,2948.87,PGE
2018-01-24 04:00:00,2935.33,PGE
2018-01-24 05:00:00,2839.4,PGE
2018-01-24 06:00:00,2628.03,PGE
2018-01-24 07:00:00,2419.24,PGE
2018-01-24 08:00:00,2227.73,PGE
2018-01-24 09:00:00,2069.62,PGE
2018-01-24 10:00:00,1974.46,PGE
2018-01-24 11:00:00,1931.09,PGE
2018-01-24 12:00:00,1994.74,PGE
2018-01-24 13:00:00,2149.98,PGE
2018-01-24 14:00:00,2313.18,PGE
2018-01-24 15:00:00,2497.84,PGE
2018-01-24 16:00:00,2674.13,PGE
2018-01-24 17:00:00,2809.91,PGE
2018-01-24 18:00:00,2821.24,PGE
2018-01-24 19:00:00,2820.87,PGE
2018-01-24 20:00:00,2814.97,PGE
2018-01-24 21:00:00,2811.65,PGE
2018-01-24 22:00:00,2805.35,PGE
2018-01-24 23:00:00,2782.84,PGE
2018-01-25 00:00:00,2781.2,PGE
2018-01-25 01:00:00,2850.2,PGE
2018-01-25 02:00:00,2947.15,PGE
2018-01-25 03:00:00,2978.8,PGE
2018-01-25 04:00:00,2997.71,PGE
2018-01-25 05:00:00,2848.73,PGE
2018-01-25 06:00:00,2662.38,PGE
2018-01-25 07:00:00,2468.59,PGE
2018-01-25 08:00:00,2264.56,PGE
2018-01-25 09:00:00,2126.02,PGE
2018-01-25 10:00:00,2061.57,PGE
2018-01-25 11:00:00,2037.77,PGE
2018-01-25 12:00:00,2192.7,PGE
2018-01-25 13:00:00,2367.99,PGE
2018-01-25 14:00:00,2535.27,PGE
2018-01-25 15:00:00,2701.55,PGE
2018-01-25 16:00:00,2871.72,PGE
2018-01-25 17:00:00,3000.05,PGE
2018-01-25 18:00:00,2937.57,PGE
2018-01-25 19:00:00,2903.03,PGE
2018-01-25 20:00:00,2894.79,PGE
2018-01-25 21:00:00,2885.65,PGE
2018-01-25 22:00:00,2878.43,PGE
2018-01-25 23:00:00,2887.77,PGE
2018-01-26 00:00:00,2896.09,PGE
2018-01-26 01:00:00,2955.77,PGE
2018-01-26 02:00:00,2996.99,PGE
2018-01-26 03:00:00,3039.43,PGE
2018-01-26 04:00:00,3016.28,PGE
2018-01-26 05:00:00,2850.65,PGE
2018-01-26 06:00:00,2649.4,PGE
2018-01-26 07:00:00,2474.14,PGE
2018-01-26 08:00:00,2281.69,PGE
2018-01-26 09:00:00,2146.21,PGE
2018-01-26 10:00:00,2061.34,PGE
2018-01-26 11:00:00,2033.33,PGE
2018-01-26 12:00:00,2170.6,PGE
2018-01-26 13:00:00,2350.19,PGE
2018-01-26 14:00:00,2518.92,PGE
2018-01-26 15:00:00,2694.02,PGE
2018-01-26 16:00:00,2884.82,PGE
2018-01-26 17:00:00,3041.24,PGE
2018-01-26 18:00:00,3009.89,PGE
2018-01-26 19:00:00,2973.89,PGE
2018-01-26 20:00:00,2944.32,PGE
2018-01-26 21:00:00,2896.9,PGE
2018-01-26 22:00:00,2869.59,PGE
2018-01-26 23:00:00,2870.7,PGE
2018-01-27 00:00:00,2734.33,PGE
2018-01-27 01:00:00,2815.27,PGE
2018-01-27 02:00:00,2839.61,PGE
2018-01-27 03:00:00,2860.13,PGE
2018-01-27 04:00:00,2880.88,PGE
2018-01-27 05:00:00,2758.3,PGE
2018-01-27 06:00:00,2616.95,PGE
2018-01-27 07:00:00,2493.5,PGE
2018-01-27 08:00:00,2342.35,PGE
2018-01-27 09:00:00,2199.15,PGE
2018-01-27 10:00:00,2098.8,PGE
2018-01-27 11:00:00,2031.77,PGE
2018-01-27 12:00:00,2003.45,PGE
2018-01-27 13:00:00,2086.48,PGE
2018-01-27 14:00:00,2180.03,PGE
2018-01-27 15:00:00,2250.71,PGE
2018-01-27 16:00:00,2332.38,PGE
2018-01-27 17:00:00,2437.18,PGE
2018-01-27 18:00:00,2536.46,PGE
2018-01-27 19:00:00,2592.7,PGE
2018-01-27 20:00:00,2609.06,PGE
2018-01-27 21:00:00,2613.19,PGE
2018-01-27 22:00:00,2613.99,PGE
2018-01-27 23:00:00,2622.33,PGE
2018-01-28 00:00:00,2655.6,PGE
2018-01-28 01:00:00,2683.71,PGE
2018-01-28 02:00:00,2681.64,PGE
2018-01-28 03:00:00,2684.51,PGE
2018-01-28 04:00:00,2676.54,PGE
2018-01-28 05:00:00,2541.66,PGE
2018-01-28 06:00:00,2387.26,PGE
2018-01-28 07:00:00,2236.89,PGE
2018-01-28 08:00:00,2097.94,PGE
2018-01-28 09:00:00,1975.93,PGE
2018-01-28 10:00:00,1894.13,PGE
2018-01-28 11:00:00,1845.78,PGE
2018-01-28 12:00:00,1824.48,PGE
2018-01-28 13:00:00,1843.8,PGE
2018-01-28 14:00:00,1930.03,PGE
2018-01-28 15:00:00,2036.43,PGE
2018-01-28 16:00:00,2136.0,PGE
2018-01-28 17:00:00,2293.99,PGE
2018-01-28 18:00:00,2390.49,PGE
2018-01-28 19:00:00,2428.63,PGE
2018-01-28 20:00:00,2420.23,PGE
2018-01-28 21:00:00,2402.83,PGE
2018-01-28 22:00:00,2386.61,PGE
2018-01-28 23:00:00,2374.21,PGE
2018-01-29 00:00:00,2398.53,PGE
2018-01-29 01:00:00,2526.19,PGE
2018-01-29 02:00:00,2613.28,PGE
2018-01-29 03:00:00,2699.06,PGE
2018-01-29 04:00:00,2742.0,PGE
2018-01-29 05:00:00,2624.97,PGE
2018-01-29 06:00:00,2422.39,PGE
2018-01-29 07:00:00,2238.96,PGE
2018-01-29 08:00:00,2067.09,PGE
2018-01-29 09:00:00,1928.92,PGE
2018-01-29 10:00:00,1854.87,PGE
2018-01-29 11:00:00,1846.54,PGE
2018-01-29 12:00:00,1930.34,PGE
2018-01-29 13:00:00,2101.41,PGE
2018-01-29 14:00:00,2286.16,PGE
2018-01-29 15:00:00,2459.68,PGE
2018-01-29 16:00:00,2679.04,PGE
2018-01-29 17:00:00,2739.73,PGE
2018-01-29 18:00:00,2690.66,PGE
2018-01-29 19:00:00,2635.28,PGE
2018-01-29 20:00:00,2625.97,PGE
2018-01-29 21:00:00,2607.91,PGE
2018-01-29 22:00:00,2624.92,PGE
2018-01-29 23:00:00,2652.4,PGE
2018-01-30 00:00:00,2694.19,PGE
2018-01-30 01:00:00,2777.01,PGE
2018-01-30 02:00:00,2835.49,PGE
2018-01-30 03:00:00,2873.31,PGE
2018-01-30 04:00:00,2801.85,PGE
2018-01-30 05:00:00,2694.49,PGE
2018-01-30 06:00:00,2508.78,PGE
2018-01-30 07:00:00,2324.63,PGE
2018-01-30 08:00:00,2160.9,PGE
2018-01-30 09:00:00,2031.1,PGE
2018-01-30 10:00:00,1951.13,PGE
2018-01-30 11:00:00,1914.34,PGE
2018-01-30 12:00:00,2014.96,PGE
2018-01-30 13:00:00,2199.84,PGE
2018-01-30 14:00:00,2379.97,PGE
2018-01-30 15:00:00,2568.83,PGE
2018-01-30 16:00:00,2800.15,PGE
2018-01-30 17:00:00,2870.72,PGE
2018-01-30 18:00:00,2837.11,PGE
2018-01-30 19:00:00,2806.85,PGE
2018-01-30 20:00:00,2795.56,PGE
2018-01-30 21:00:00,2775.04,PGE
2018-01-30 22:00:00,2764.47,PGE
2018-01-30 23:00:00,2762.16,PGE
2018-01-31 00:00:00,2651.84,PGE
2018-01-31 01:00:00,2756.26,PGE
2018-01-31 02:00:00,2869.37,PGE
2018-01-31 03:00:00,2910.12,PGE
2018-01-31 04:00:00,2928.11,PGE
2018-01-31 05:00:00,2805.45,PGE
2018-01-31 06:00:00,2585.78,PGE
2018-01-31 07:00:00,2378.57,PGE
2018-01-31 08:00:00,2197.05,PGE
2018-01-31 09:00:00,2060.35,PGE
2018-01-31 10:00:00,1979.73,PGE
2018-01-31 11:00:00,1968.55,PGE
2018-01-31 12:00:00,2093.3,PGE
2018-01-31 13:00:00,2279.71,PGE
2018-01-31 14:00:00,2442.22,PGE
2018-01-31 15:00:00,2611.18,PGE
2018-01-31 16:00:00,2822.91,PGE
2018-01-31 17:00:00,2970.82,PGE
2018-01-31 18:00:00,2980.56,PGE
2018-01-31 19:00:00,2949.37,PGE
2018-01-31 20:00:00,2917.72,PGE
2018-01-31 21:00:00,2879.09,PGE
2018-01-31 22:00:00,2840.86,PGE
2018-01-31 23:00:00,2813.28,PGE
2018-02-01 00:00:00,2627.45,PGE
2018-02-01 01:00:00,2714.55,PGE
2018-02-01 02:00:00,2802.95,PGE
2018-02-01 03:00:00,2866.1,PGE
2018-02-01 04:00:00,2873.91,PGE
2018-02-01 05:00:00,2706.77,PGE
2018-02-01 06:00:00,2495.12,PGE
2018-02-01 07:00:00,2284.85,PGE
2018-02-01 08:00:00,2103.57,PGE
2018-02-01 09:00:00,1974.54,PGE
2018-02-01 10:00:00,1896.86,PGE
2018-02-01 11:00:00,1885.0,PGE
2018-02-01 12:00:00,2003.93,PGE
2018-02-01 13:00:00,2171.21,PGE
2018-02-01 14:00:00,2352.94,PGE
2018-02-01 15:00:00,2530.19,PGE
2018-02-01 16:00:00,2776.75,PGE
2018-02-01 17:00:00,2824.39,PGE
2018-02-01 18:00:00,2732.85,PGE
2018-02-01 19:00:00,2678.97,PGE
2018-02-01 20:00:00,2671.31,PGE
2018-02-01 21:00:00,2689.08,PGE
2018-02-01 22:00:00,2699.53,PGE
2018-02-01 23:00:00,2710.9,PGE
2018-02-02 00:00:00,2619.62,PGE
2018-02-02 01:00:00,2681.47,PGE
2018-02-02 02:00:00,2724.88,PGE
2018-02-02 03:00:00,2775.21,PGE
2018-02-02 04:00:00,2781.83,PGE
2018-02-02 05:00:00,2660.42,PGE
2018-02-02 06:00:00,2467.05,PGE
2018-02-02 07:00:00,2256.93,PGE
2018-02-02 08:00:00,2050.71,PGE
2018-02-02 09:00:00,1908.99,PGE
2018-02-02 10:00:00,1814.13,PGE
2018-02-02 11:00:00,1785.75,PGE
2018-02-02 12:00:00,1872.53,PGE
2018-02-02 13:00:00,2026.89,PGE
2018-02-02 14:00:00,2188.63,PGE
2018-02-02 15:00:00,2350.99,PGE
2018-02-02 16:00:00,2527.24,PGE
2018-02-02 17:00:00,2613.94,PGE
2018-02-02 18:00:00,2631.94,PGE
2018-02-02 19:00:00,2629.87,PGE
2018-02-02 20:00:00,2620.23,PGE
2018-02-02 21:00:00,2644.55,PGE
2018-02-02 22:00:00,2660.18,PGE
2018-02-02 23:00:00,2646.26,PGE
2018-02-03 00:00:00,2476.72,PGE
2018-02-03 01:00:00,2510.87,PGE
2018-02-03 02:00:00,2519.56,PGE
2018-02-03 03:00:00,2540.28,PGE
2018-02-03 04:00:00,2548.09,PGE
2018-02-03 05:00:00,2426.04,PGE
2018-02-03 06:00:00,2292.92,PGE
2018-02-03 07:00:00,2145.99,PGE
2018-02-03 08:00:00,1994.41,PGE
2018-02-03 09:00:00,1871.85,PGE
2018-02-03 10:00:00,1783.8,PGE
2018-02-03 11:00:00,1754.79,PGE
2018-02-03 12:00:00,1768.65,PGE
2018-02-03 13:00:00,1809.65,PGE
2018-02-03 14:00:00,1891.96,PGE
2018-02-03 15:00:00,1993.91,PGE
2018-02-03 16:00:00,2121.1,PGE
2018-02-03 17:00:00,2264.06,PGE
2018-02-03 18:00:00,2342.76,PGE
2018-02-03 19:00:00,2394.2,PGE
2018-02-03 20:00:00,2413.25,PGE
2018-02-03 21:00:00,2416.43,PGE
2018-02-03 22:00:00,2426.23,PGE
2018-02-03 23:00:00,2442.42,PGE
2018-02-04 00:00:00,2456.86,PGE
2018-02-04 01:00:00,2500.67,PGE
2018-02-04 02:00:00,2481.14,PGE
2018-02-04 03:00:00,2471.06,PGE
2018-02-04 04:00:00,2472.5,PGE
2018-02-04 05:00:00,2387.04,PGE
2018-02-04 06:00:00,2248.42,PGE
2018-02-04 07:00:00,2086.59,PGE
2018-02-04 08:00:00,1937.04,PGE
2018-02-04 09:00:00,1829.85,PGE
2018-02-04 10:00:00,1757.69,PGE
2018-02-04 11:00:00,1729.97,PGE
2018-02-04 12:00:00,1729.85,PGE
2018-02-04 13:00:00,1754.27,PGE
2018-02-04 14:00:00,1851.41,PGE
2018-02-04 15:00:00,1954.27,PGE
2018-02-04 16:00:00,2084.93,PGE
2018-02-04 17:00:00,2216.65,PGE
2018-02-04 18:00:00,2263.28,PGE
2018-02-04 19:00:00,2298.78,PGE
2018-02-04 20:00:00,2354.6,PGE
2018-02-04 21:00:00,2392.23,PGE
2018-02-04 22:00:00,2420.54,PGE
2018-02-04 23:00:00,2440.05,PGE
2018-02-05 00:00:00,2557.4,PGE
2018-02-05 01:00:00,2637.05,PGE
2018-02-05 02:00:00,2676.21,PGE
2018-02-05 03:00:00,2683.97,PGE
2018-02-05 04:00:00,2652.68,PGE
2018-02-05 05:00:00,2536.31,PGE
2018-02-05 06:00:00,2346.8,PGE
2018-02-05 07:00:00,2164.72,PGE
2018-02-05 08:00:00,1987.43,PGE
2018-02-05 09:00:00,1866.96,PGE
2018-02-05 10:00:00,1795.02,PGE
2018-02-05 11:00:00,1771.19,PGE
2018-02-05 12:00:00,1858.47,PGE
2018-02-05 13:00:00,2020.57,PGE
2018-02-05 14:00:00,2184.98,PGE
2018-02-05 15:00:00,2375.36,PGE
2018-02-05 16:00:00,2596.2,PGE
2018-02-05 17:00:00,2635.6,PGE
2018-02-05 18:00:00,2611.6,PGE
2018-02-05 19:00:00,2579.54,PGE
2018-02-05 20:00:00,2571.13,PGE
2018-02-05 21:00:00,2555.11,PGE
2018-02-05 22:00:00,2546.3,PGE
2018-02-05 23:00:00,2575.22,PGE
2018-02-06 00:00:00,2487.65,PGE
2018-02-06 01:00:00,2618.72,PGE
2018-02-06 02:00:00,2705.18,PGE
2018-02-06 03:00:00,2757.13,PGE
2018-02-06 04:00:00,2750.94,PGE
2018-02-06 05:00:00,2602.19,PGE
2018-02-06 06:00:00,2404.3,PGE
2018-02-06 07:00:00,2220.55,PGE
2018-02-06 08:00:00,2027.99,PGE
2018-02-06 09:00:00,1915.65,PGE
2018-02-06 10:00:00,1853.84,PGE
2018-02-06 11:00:00,1833.27,PGE
2018-02-06 12:00:00,1949.46,PGE
2018-02-06 13:00:00,2122.96,PGE
2018-02-06 14:00:00,2295.22,PGE
2018-02-06 15:00:00,2454.09,PGE
2018-02-06 16:00:00,2654.86,PGE
2018-02-06 17:00:00,2744.27,PGE
2018-02-06 18:00:00,2725.54,PGE
2018-02-06 19:00:00,2692.63,PGE
2018-02-06 20:00:00,2646.53,PGE
2018-02-06 21:00:00,2600.95,PGE
2018-02-06 22:00:00,2548.2,PGE
2018-02-06 23:00:00,2525.91,PGE
2018-02-07 00:00:00,2361.17,PGE
2018-02-07 01:00:00,2484.08,PGE
2018-02-07 02:00:00,2596.21,PGE
2018-02-07 03:00:00,2662.29,PGE
2018-02-07 04:00:00,2683.46,PGE
2018-02-07 05:00:00,2556.52,PGE
2018-02-07 06:00:00,2369.23,PGE
2018-02-07 07:00:00,2182.49,PGE
2018-02-07 08:00:00,2009.78,PGE
2018-02-07 09:00:00,1877.37,PGE
2018-02-07 10:00:00,1824.59,PGE
2018-02-07 11:00:00,1821.53,PGE
2018-02-07 12:00:00,1914.51,PGE
2018-02-07 13:00:00,2077.22,PGE
2018-02-07 14:00:00,2243.69,PGE
2018-02-07 15:00:00,2415.4,PGE
2018-02-07 16:00:00,2629.7,PGE
2018-02-07 17:00:00,2642.12,PGE
2018-02-07 18:00:00,2577.49,PGE
2018-02-07 19:00:00,2534.58,PGE
2018-02-07 20:00:00,2490.64,PGE
2018-02-07 21:00:00,2447.76,PGE
2018-02-07 22:00:00,2422.28,PGE
2018-02-07 23:00:00,2434.37,PGE
2018-02-08 00:00:00,2294.38,PGE
2018-02-08 01:00:00,2406.74,PGE
2018-02-08 02:00:00,2482.41,PGE
2018-02-08 03:00:00,2541.2,PGE
2018-02-08 04:00:00,2557.21,PGE
2018-02-08 05:00:00,2457.18,PGE
2018-02-08 06:00:00,2285.05,PGE
2018-02-08 07:00:00,2122.09,PGE
2018-02-08 08:00:00,1958.11,PGE
2018-02-08 09:00:00,1828.87,PGE
2018-02-08 10:00:00,1783.04,PGE
2018-02-08 11:00:00,1799.36,PGE
2018-02-08 12:00:00,1876.74,PGE
2018-02-08 13:00:00,2020.64,PGE
2018-02-08 14:00:00,2199.19,PGE
2018-02-08 15:00:00,2374.83,PGE
2018-02-08 16:00:00,2602.89,PGE
2018-02-08 17:00:00,2614.74,PGE
2018-02-08 18:00:00,2606.93,PGE
2018-02-08 19:00:00,2575.81,PGE
2018-02-08 20:00:00,2552.35,PGE
2018-02-08 21:00:00,2540.89,PGE
2018-02-08 22:00:00,2566.12,PGE
2018-02-08 23:00:00,2609.94,PGE
2018-02-09 00:00:00,2527.75,PGE
2018-02-09 01:00:00,2606.53,PGE
2018-02-09 02:00:00,2660.81,PGE
2018-02-09 03:00:00,2676.65,PGE
2018-02-09 04:00:00,2654.54,PGE
2018-02-09 05:00:00,2555.78,PGE
2018-02-09 06:00:00,2385.94,PGE
2018-02-09 07:00:00,2198.42,PGE
2018-02-09 08:00:00,2054.36,PGE
2018-02-09 09:00:00,1929.27,PGE
2018-02-09 10:00:00,1877.06,PGE
2018-02-09 11:00:00,1892.04,PGE
2018-02-09 12:00:00,2015.84,PGE
2018-02-09 13:00:00,2188.47,PGE
2018-02-09 14:00:00,2356.65,PGE
2018-02-09 15:00:00,2533.79,PGE
2018-02-09 16:00:00,2804.05,PGE
2018-02-09 17:00:00,2829.23,PGE
2018-02-09 18:00:00,2758.62,PGE
2018-02-09 19:00:00,2703.46,PGE
2018-02-09 20:00:00,2656.23,PGE
2018-02-09 21:00:00,2610.96,PGE
2018-02-09 22:00:00,2574.06,PGE
2018-02-09 23:00:00,2575.41,PGE
2018-02-10 00:00:00,2324.99,PGE
2018-02-10 01:00:00,2436.53,PGE
2018-02-10 02:00:00,2572.6,PGE
2018-02-10 03:00:00,2626.79,PGE
2018-02-10 04:00:00,2642.54,PGE
2018-02-10 05:00:00,2521.46,PGE
2018-02-10 06:00:00,2407.3,PGE
2018-02-10 07:00:00,2251.68,PGE
2018-02-10 08:00:00,2121.0,PGE
2018-02-10 09:00:00,2029.88,PGE
2018-02-10 10:00:00,1995.41,PGE
2018-02-10 11:00:00,1993.78,PGE
2018-02-10 12:00:00,2026.58,PGE
2018-02-10 13:00:00,2104.98,PGE
2018-02-10 14:00:00,2218.9,PGE
2018-02-10 15:00:00,2333.0,PGE
2018-02-10 16:00:00,2587.36,PGE
2018-02-10 17:00:00,2629.38,PGE
2018-02-10 18:00:00,2627.81,PGE
2018-02-10 19:00:00,2601.02,PGE
2018-02-10 20:00:00,2564.16,PGE
2018-02-10 21:00:00,2521.07,PGE
2018-02-10 22:00:00,2487.38,PGE
2018-02-10 23:00:00,2450.75,PGE
2018-02-11 00:00:00,2336.58,PGE
2018-02-11 01:00:00,2506.19,PGE
2018-02-11 02:00:00,2666.0,PGE
2018-02-11 03:00:00,2707.59,PGE
2018-02-11 04:00:00,2727.1,PGE
2018-02-11 05:00:00,2550.14,PGE
2018-02-11 06:00:00,2410.23,PGE
2018-02-11 07:00:00,2280.6,PGE
2018-02-11 08:00:00,2155.62,PGE
2018-02-11 09:00:00,2060.16,PGE
2018-02-11 10:00:00,2025.99,PGE
2018-02-11 11:00:00,2006.0,PGE
2018-02-11 12:00:00,2022.42,PGE
2018-02-11 13:00:00,2075.31,PGE
2018-02-11 14:00:00,2154.46,PGE
2018-02-11 15:00:00,2295.68,PGE
2018-02-11 16:00:00,2538.22,PGE
2018-02-11 17:00:00,2646.05,PGE
2018-02-11 18:00:00,2669.02,PGE
2018-02-11 19:00:00,2681.92,PGE
2018-02-11 20:00:00,2668.88,PGE
2018-02-11 21:00:00,2638.85,PGE
2018-02-11 22:00:00,2613.18,PGE
2018-02-11 23:00:00,2614.02,PGE
2018-02-12 00:00:00,2636.84,PGE
2018-02-12 01:00:00,2773.78,PGE
2018-02-12 02:00:00,2859.89,PGE
2018-02-12 03:00:00,2934.92,PGE
2018-02-12 04:00:00,2949.41,PGE
2018-02-12 05:00:00,2782.53,PGE
2018-02-12 06:00:00,2598.29,PGE
2018-02-12 07:00:00,2413.68,PGE
2018-02-12 08:00:00,2254.81,PGE
2018-02-12 09:00:00,2129.14,PGE
2018-02-12 10:00:00,2097.46,PGE
2018-02-12 11:00:00,2104.05,PGE
2018-02-12 12:00:00,2255.04,PGE
2018-02-12 13:00:00,2438.34,PGE
2018-02-12 14:00:00,2622.4,PGE
2018-02-12 15:00:00,2789.12,PGE
2018-02-12 16:00:00,3102.11,PGE
2018-02-12 17:00:00,3086.15,PGE
2018-02-12 18:00:00,3023.47,PGE
2018-02-12 19:00:00,2970.8,PGE
2018-02-12 20:00:00,2925.4,PGE
2018-02-12 21:00:00,2890.17,PGE
2018-02-12 22:00:00,2847.6,PGE
2018-02-12 23:00:00,2826.94,PGE
2018-02-13 00:00:00,2704.69,PGE
2018-02-13 01:00:00,2870.61,PGE
2018-02-13 02:00:00,3023.97,PGE
2018-02-13 03:00:00,3108.03,PGE
2018-02-13 04:00:00,3118.28,PGE
2018-02-13 05:00:00,2952.51,PGE
2018-02-13 06:00:00,2758.98,PGE
2018-02-13 07:00:00,2570.2,PGE
2018-02-13 08:00:00,2382.42,PGE
2018-02-13 09:00:00,2221.39,PGE
2018-02-13 10:00:00,2148.53,PGE
2018-02-13 11:00:00,2152.4,PGE
2018-02-13 12:00:00,2286.3,PGE
2018-02-13 13:00:00,2445.97,PGE
2018-02-13 14:00:00,2605.49,PGE
2018-02-13 15:00:00,2772.35,PGE
2018-02-13 16:00:00,3090.36,PGE
2018-02-13 17:00:00,3016.75,PGE
2018-02-13 18:00:00,2919.89,PGE
2018-02-13 19:00:00,2824.45,PGE
2018-02-13 20:00:00,2728.99,PGE
2018-02-13 21:00:00,2667.12,PGE
2018-02-13 22:00:00,2616.73,PGE
2018-02-13 23:00:00,2593.41,PGE
2018-02-14 00:00:00,2472.44,PGE
2018-02-14 01:00:00,2616.44,PGE
2018-02-14 02:00:00,2809.9,PGE
2018-02-14 03:00:00,2890.39,PGE
2018-02-14 04:00:00,2933.55,PGE
2018-02-14 05:00:00,2770.38,PGE
2018-02-14 06:00:00,2569.88,PGE
2018-02-14 07:00:00,2398.85,PGE
2018-02-14 08:00:00,2248.27,PGE
2018-02-14 09:00:00,2127.82,PGE
2018-02-14 10:00:00,2042.3,PGE
2018-02-14 11:00:00,2058.86,PGE
2018-02-14 12:00:00,2202.2,PGE
2018-02-14 13:00:00,2351.17,PGE
2018-02-14 14:00:00,2523.31,PGE
2018-02-14 15:00:00,2683.58,PGE
2018-02-14 16:00:00,2896.14,PGE
2018-02-14 17:00:00,2997.94,PGE
2018-02-14 18:00:00,2975.57,PGE
2018-02-14 19:00:00,2949.68,PGE
2018-02-14 20:00:00,2897.26,PGE
2018-02-14 21:00:00,2865.81,PGE
2018-02-14 22:00:00,2821.78,PGE
2018-02-14 23:00:00,2792.46,PGE
2018-02-15 00:00:00,2648.33,PGE
2018-02-15 01:00:00,2728.52,PGE
2018-02-15 02:00:00,2872.51,PGE
2018-02-15 03:00:00,2960.08,PGE
2018-02-15 04:00:00,3007.3,PGE
2018-02-15 05:00:00,2849.18,PGE
2018-02-15 06:00:00,2654.55,PGE
2018-02-15 07:00:00,2459.21,PGE
2018-02-15 08:00:00,2262.37,PGE
2018-02-15 09:00:00,2129.17,PGE
2018-02-15 10:00:00,2072.46,PGE
2018-02-15 11:00:00,2078.64,PGE
2018-02-15 12:00:00,2206.25,PGE
2018-02-15 13:00:00,2370.29,PGE
2018-02-15 14:00:00,2536.31,PGE
2018-02-15 15:00:00,2687.86,PGE
2018-02-15 16:00:00,2942.84,PGE
2018-02-15 17:00:00,2931.35,PGE
2018-02-15 18:00:00,2834.81,PGE
2018-02-15 19:00:00,2776.71,PGE
2018-02-15 20:00:00,2740.54,PGE
2018-02-15 21:00:00,2720.46,PGE
2018-02-15 22:00:00,2726.68,PGE
2018-02-15 23:00:00,2738.47,PGE
2018-02-16 00:00:00,2656.15,PGE
2018-02-16 01:00:00,2761.68,PGE
2018-02-16 02:00:00,2899.48,PGE
2018-02-16 03:00:00,2948.58,PGE
2018-02-16 04:00:00,2959.85,PGE
2018-02-16 05:00:00,2789.42,PGE
2018-02-16 06:00:00,2596.71,PGE
2018-02-16 07:00:00,2409.97,PGE
2018-02-16 08:00:00,2236.96,PGE
2018-02-16 09:00:00,2135.04,PGE
2018-02-16 10:00:00,2080.54,PGE
2018-02-16 11:00:00,2049.52,PGE
2018-02-16 12:00:00,2182.31,PGE
2018-02-16 13:00:00,2351.56,PGE
2018-02-16 14:00:00,2520.62,PGE
2018-02-16 15:00:00,2697.31,PGE
2018-02-16 16:00:00,2903.42,PGE
2018-02-16 17:00:00,3050.14,PGE
2018-02-16 18:00:00,3039.45,PGE
2018-02-16 19:00:00,2921.7,PGE
2018-02-16 20:00:00,2907.92,PGE
2018-02-16 21:00:00,2891.95,PGE
2018-02-16 22:00:00,2895.67,PGE
2018-02-16 23:00:00,2910.79,PGE
2018-02-17 00:00:00,2800.77,PGE
2018-02-17 01:00:00,2834.49,PGE
2018-02-17 02:00:00,2846.1,PGE
2018-02-17 03:00:00,2858.09,PGE
2018-02-17 04:00:00,2833.74,PGE
2018-02-17 05:00:00,2701.87,PGE
2018-02-17 06:00:00,2536.42,PGE
2018-02-17 07:00:00,2349.12,PGE
2018-02-17 08:00:00,2168.91,PGE
2018-02-17 09:00:00,2003.01,PGE
2018-02-17 10:00:00,1922.81,PGE
2018-02-17 11:00:00,1882.53,PGE
2018-02-17 12:00:00,1898.02,PGE
2018-02-17 13:00:00,1979.07,PGE
2018-02-17 14:00:00,2105.59,PGE
2018-02-17 15:00:00,2207.19,PGE
2018-02-17 16:00:00,2307.58,PGE
2018-02-17 17:00:00,2398.88,PGE
2018-02-17 18:00:00,2488.77,PGE
2018-02-17 19:00:00,2560.16,PGE
2018-02-17 20:00:00,2586.8,PGE
2018-02-17 21:00:00,2602.09,PGE
2018-02-17 22:00:00,2602.11,PGE
2018-02-17 23:00:00,2615.78,PGE
2018-02-18 00:00:00,2531.13,PGE
2018-02-18 01:00:00,2613.35,PGE
2018-02-18 02:00:00,2695.05,PGE
2018-02-18 03:00:00,2757.19,PGE
2018-02-18 04:00:00,2792.18,PGE
2018-02-18 05:00:00,2666.14,PGE
2018-02-18 06:00:00,2505.64,PGE
2018-02-18 07:00:00,2321.47,PGE
2018-02-18 08:00:00,2163.14,PGE
2018-02-18 09:00:00,2121.89,PGE
2018-02-18 10:00:00,2045.09,PGE
2018-02-18 11:00:00,2037.06,PGE
2018-02-18 12:00:00,2090.62,PGE
2018-02-18 13:00:00,2187.65,PGE
2018-02-18 14:00:00,2305.45,PGE
2018-02-18 15:00:00,2396.71,PGE
2018-02-18 16:00:00,2616.79,PGE
2018-02-18 17:00:00,2760.61,PGE
2018-02-18 18:00:00,2823.53,PGE
2018-02-18 19:00:00,2859.85,PGE
2018-02-18 20:00:00,2874.93,PGE
2018-02-18 21:00:00,2870.46,PGE
2018-02-18 22:00:00,2843.64,PGE
2018-02-18 23:00:00,2827.34,PGE
2018-02-19 00:00:00,2565.81,PGE
2018-02-19 01:00:00,2734.64,PGE
2018-02-19 02:00:00,2926.44,PGE
2018-02-19 03:00:00,3008.86,PGE
2018-02-19 04:00:00,2943.56,PGE
2018-02-19 05:00:00,2883.23,PGE
2018-02-19 06:00:00,2747.13,PGE
2018-02-19 07:00:00,2611.49,PGE
2018-02-19 08:00:00,2473.62,PGE
2018-02-19 09:00:00,2340.13,PGE
2018-02-19 10:00:00,2260.81,PGE
2018-02-19 11:00:00,2265.23,PGE
2018-02-19 12:00:00,2352.77,PGE
2018-02-19 13:00:00,2497.61,PGE
2018-02-19 14:00:00,2635.65,PGE
2018-02-19 15:00:00,2768.55,PGE
2018-02-19 16:00:00,3062.27,PGE
2018-02-19 17:00:00,3208.69,PGE
2018-02-19 18:00:00,3157.77,PGE
2018-02-19 19:00:00,3092.57,PGE
2018-02-19 20:00:00,3057.06,PGE
2018-02-19 21:00:00,3018.2,PGE
2018-02-19 22:00:00,2988.93,PGE
2018-02-19 23:00:00,2980.7,PGE
2018-02-20 00:00:00,2873.11,PGE
2018-02-20 01:00:00,2949.01,PGE
2018-02-20 02:00:00,3149.78,PGE
2018-02-20 03:00:00,3229.07,PGE
2018-02-20 04:00:00,3234.46,PGE
2018-02-20 05:00:00,3097.56,PGE
2018-02-20 06:00:00,2913.78,PGE
2018-02-20 07:00:00,2726.02,PGE
2018-02-20 08:00:00,2555.34,PGE
2018-02-20 09:00:00,2411.99,PGE
2018-02-20 10:00:00,2336.93,PGE
2018-02-20 11:00:00,2367.77,PGE
2018-02-20 12:00:00,2485.47,PGE
2018-02-20 13:00:00,2646.76,PGE
2018-02-20 14:00:00,2808.54,PGE
2018-02-20 15:00:00,2980.25,PGE
2018-02-20 16:00:00,3373.62,PGE
2018-02-20 17:00:00,3321.85,PGE
2018-02-20 18:00:00,3241.61,PGE
2018-02-20 19:00:00,3174.16,PGE
2018-02-20 20:00:00,3116.87,PGE
2018-02-20 21:00:00,3062.53,PGE
2018-02-20 22:00:00,3048.86,PGE
2018-02-20 23:00:00,3059.12,PGE
2018-02-21 00:00:00,2886.06,PGE
2018-02-21 01:00:00,3008.67,PGE
2018-02-21 02:00:00,3125.97,PGE
2018-02-21 03:00:00,3169.75,PGE
2018-02-21 04:00:00,3139.99,PGE
2018-02-21 05:00:00,2991.88,PGE
2018-02-21 06:00:00,2820.87,PGE
2018-02-21 07:00:00,2653.51,PGE
2018-02-21 08:00:00,2485.38,PGE
2018-02-21 09:00:00,2333.25,PGE
2018-02-21 10:00:00,2261.54,PGE
2018-02-21 11:00:00,2319.25,PGE
2018-02-21 12:00:00,2475.12,PGE
2018-02-21 13:00:00,2660.4,PGE
2018-02-21 14:00:00,2829.64,PGE
2018-02-21 15:00:00,2987.54,PGE
2018-02-21 16:00:00,3342.23,PGE
2018-02-21 17:00:00,3340.46,PGE
2018-02-21 18:00:00,3252.15,PGE
2018-02-21 19:00:00,3183.3,PGE
2018-02-21 20:00:00,3106.54,PGE
2018-02-21 21:00:00,3033.5,PGE
2018-02-21 22:00:00,2984.69,PGE
2018-02-21 23:00:00,2969.34,PGE
2018-02-22 00:00:00,2817.5,PGE
2018-02-22 01:00:00,2944.77,PGE
2018-02-22 02:00:00,3139.55,PGE
2018-02-22 03:00:00,3247.31,PGE
2018-02-22 04:00:00,3232.36,PGE
2018-02-22 05:00:00,3098.06,PGE
2018-02-22 06:00:00,2940.03,PGE
2018-02-22 07:00:00,2784.58,PGE
2018-02-22 08:00:00,2598.59,PGE
2018-02-22 09:00:00,2484.01,PGE
2018-02-22 10:00:00,2398.33,PGE
2018-02-22 11:00:00,2374.81,PGE
2018-02-22 12:00:00,2413.22,PGE
2018-02-22 13:00:00,2583.7,PGE
2018-02-22 14:00:00,2783.75,PGE
2018-02-22 15:00:00,2959.18,PGE
2018-02-22 16:00:00,3330.08,PGE
2018-02-22 17:00:00,3292.04,PGE
2018-02-22 18:00:00,3221.72,PGE
2018-02-22 19:00:00,3155.1,PGE
2018-02-22 20:00:00,3109.31,PGE
2018-02-22 21:00:00,3070.03,PGE
2018-02-22 22:00:00,3031.06,PGE
2018-02-22 23:00:00,3004.36,PGE
2018-02-23 00:00:00,2859.0,PGE
2018-02-23 01:00:00,2972.98,PGE
2018-02-23 02:00:00,3169.3,PGE
2018-02-23 03:00:00,3289.01,PGE
2018-02-23 04:00:00,3306.86,PGE
2018-02-23 05:00:00,3166.64,PGE
2018-02-23 06:00:00,3007.99,PGE
2018-02-23 07:00:00,2839.77,PGE
2018-02-23 08:00:00,2682.75,PGE
2018-02-23 09:00:00,2554.24,PGE
2018-02-23 10:00:00,2477.73,PGE
2018-02-23 11:00:00,2507.93,PGE
2018-02-23 12:00:00,2630.91,PGE
2018-02-23 13:00:00,2788.13,PGE
2018-02-23 14:00:00,2964.15,PGE
2018-02-23 15:00:00,3143.53,PGE
2018-02-23 16:00:00,3485.1,PGE
2018-02-23 17:00:00,3380.73,PGE
2018-02-23 18:00:00,3310.92,PGE
2018-02-23 19:00:00,3239.95,PGE
2018-02-23 20:00:00,3171.51,PGE
2018-02-23 21:00:00,3103.53,PGE
2018-02-23 22:00:00,3045.31,PGE
2018-02-23 23:00:00,3015.17,PGE
2018-02-24 00:00:00,2945.61,PGE
2018-02-24 01:00:00,3144.94,PGE
2018-02-24 02:00:00,3206.0,PGE
2018-02-24 03:00:00,3258.92,PGE
2018-02-24 04:00:00,3192.09,PGE
2018-02-24 05:00:00,3034.12,PGE
2018-02-24 06:00:00,2889.2,PGE
2018-02-24 07:00:00,2732.28,PGE
2018-02-24 08:00:00,2540.69,PGE
2018-02-24 09:00:00,2344.9,PGE
2018-02-24 10:00:00,2217.3,PGE
2018-02-24 11:00:00,2157.81,PGE
2018-02-24 12:00:00,2167.42,PGE
2018-02-24 13:00:00,2235.87,PGE
2018-02-24 14:00:00,2295.11,PGE
2018-02-24 15:00:00,2369.25,PGE
2018-02-24 16:00:00,2573.63,PGE
2018-02-24 17:00:00,2729.31,PGE
2018-02-24 18:00:00,2786.87,PGE
2018-02-24 19:00:00,2802.56,PGE
2018-02-24 20:00:00,2806.19,PGE
2018-02-24 21:00:00,2782.1,PGE
2018-02-24 22:00:00,2750.39,PGE
2018-02-24 23:00:00,2703.74,PGE
2018-02-25 00:00:00,2568.54,PGE
2018-02-25 01:00:00,2608.12,PGE
2018-02-25 02:00:00,2819.36,PGE
2018-02-25 03:00:00,2899.2,PGE
2018-02-25 04:00:00,2914.57,PGE
2018-02-25 05:00:00,2805.27,PGE
2018-02-25 06:00:00,2674.93,PGE
2018-02-25 07:00:00,2505.14,PGE
2018-02-25 08:00:00,2327.49,PGE
2018-02-25 09:00:00,2192.49,PGE
2018-02-25 10:00:00,2118.4,PGE
2018-02-25 11:00:00,2095.34,PGE
2018-02-25 12:00:00,2119.04,PGE
2018-02-25 13:00:00,2205.24,PGE
2018-02-25 14:00:00,2268.44,PGE
2018-02-25 15:00:00,2358.34,PGE
2018-02-25 16:00:00,2509.53,PGE
2018-02-25 17:00:00,2662.86,PGE
2018-02-25 18:00:00,2752.12,PGE
2018-02-25 19:00:00,2769.78,PGE
2018-02-25 20:00:00,2777.52,PGE
2018-02-25 21:00:00,2789.84,PGE
2018-02-25 22:00:00,2775.48,PGE
2018-02-25 23:00:00,2785.53,PGE
2018-02-26 00:00:00,2799.43,PGE
2018-02-26 01:00:00,2924.49,PGE
2018-02-26 02:00:00,3002.46,PGE
2018-02-26 03:00:00,3051.94,PGE
2018-02-26 04:00:00,3068.5,PGE
2018-02-26 05:00:00,2889.61,PGE
2018-02-26 06:00:00,2683.2,PGE
2018-02-26 07:00:00,2488.78,PGE
2018-02-26 08:00:00,2306.21,PGE
2018-02-26 09:00:00,2184.34,PGE
2018-02-26 10:00:00,2097.32,PGE
2018-02-26 11:00:00,2115.64,PGE
2018-02-26 12:00:00,2261.01,PGE
2018-02-26 13:00:00,2439.02,PGE
2018-02-26 14:00:00,2615.11,PGE
2018-02-26 15:00:00,2790.81,PGE
2018-02-26 16:00:00,3159.0,PGE
2018-02-26 17:00:00,3138.57,PGE
2018-02-26 18:00:00,3082.86,PGE
2018-02-26 19:00:00,3001.05,PGE
2018-02-26 20:00:00,2921.58,PGE
2018-02-26 21:00:00,2883.84,PGE
2018-02-26 22:00:00,2848.81,PGE
2018-02-26 23:00:00,2815.74,PGE
2018-02-27 00:00:00,2633.56,PGE
2018-02-27 01:00:00,2714.89,PGE
2018-02-27 02:00:00,2922.79,PGE
2018-02-27 03:00:00,3058.96,PGE
2018-02-27 04:00:00,3114.41,PGE
2018-02-27 05:00:00,2973.81,PGE
2018-02-27 06:00:00,2784.83,PGE
2018-02-27 07:00:00,2605.5,PGE
2018-02-27 08:00:00,2437.89,PGE
2018-02-27 09:00:00,2305.83,PGE
2018-02-27 10:00:00,2242.17,PGE
2018-02-27 11:00:00,2272.13,PGE
2018-02-27 12:00:00,2426.25,PGE
2018-02-27 13:00:00,2602.37,PGE
2018-02-27 14:00:00,2762.99,PGE
2018-02-27 15:00:00,2922.2,PGE
2018-02-27 16:00:00,3280.15,PGE
2018-02-27 17:00:00,3271.27,PGE
2018-02-27 18:00:00,3237.02,PGE
2018-02-27 19:00:00,3184.19,PGE
2018-02-27 20:00:00,3121.49,PGE
2018-02-27 21:00:00,3069.12,PGE
2018-02-27 22:00:00,3023.33,PGE
2018-02-27 23:00:00,2993.36,PGE
2018-02-28 00:00:00,2906.88,PGE
2018-02-28 01:00:00,2940.75,PGE
2018-02-28 02:00:00,3014.93,PGE
2018-02-28 03:00:00,3056.76,PGE
2018-02-28 04:00:00,3039.62,PGE
2018-02-28 05:00:00,2858.94,PGE
2018-02-28 06:00:00,2659.04,PGE
2018-02-28 07:00:00,2452.74,PGE
2018-02-28 08:00:00,2240.02,PGE
2018-02-28 09:00:00,2096.74,PGE
2018-02-28 10:00:00,2017.33,PGE
2018-02-28 11:00:00,2025.12,PGE
2018-02-28 12:00:00,2163.42,PGE
2018-02-28 13:00:00,2332.97,PGE
2018-02-28 14:00:00,2514.58,PGE
2018-02-28 15:00:00,2690.01,PGE
2018-02-28 16:00:00,3023.95,PGE
2018-02-28 17:00:00,3070.82,PGE
2018-02-28 18:00:00,3045.66,PGE
2018-02-28 19:00:00,3015.89,PGE
2018-02-28 20:00:00,2991.99,PGE
2018-02-28 21:00:00,2966.69,PGE
2018-02-28 22:00:00,2936.24,PGE
2018-02-28 23:00:00,2917.8,PGE
2018-03-01 00:00:00,2779.57,PGE
2018-03-01 01:00:00,2830.43,PGE
2018-03-01 02:00:00,2883.83,PGE
2018-03-01 03:00:00,2918.09,PGE
2018-03-01 04:00:00,2885.31,PGE
2018-03-01 05:00:00,2748.3,PGE
2018-03-01 06:00:00,2560.37,PGE
2018-03-01 07:00:00,2351.34,PGE
2018-03-01 08:00:00,2147.17,PGE
2018-03-01 09:00:00,1973.51,PGE
2018-03-01 10:00:00,1924.75,PGE
2018-03-01 11:00:00,1934.26,PGE
2018-03-01 12:00:00,2075.78,PGE
2018-03-01 13:00:00,2237.08,PGE
2018-03-01 14:00:00,2418.46,PGE
2018-03-01 15:00:00,2619.9,PGE
2018-03-01 16:00:00,2906.97,PGE
2018-03-01 17:00:00,2878.83,PGE
2018-03-01 18:00:00,2842.53,PGE
2018-03-01 19:00:00,2811.73,PGE
2018-03-01 20:00:00,2781.74,PGE
2018-03-01 21:00:00,2750.51,PGE
2018-03-01 22:00:00,2750.95,PGE
2018-03-01 23:00:00,2777.7,PGE
2018-03-02 00:00:00,2695.53,PGE
2018-03-02 01:00:00,2775.14,PGE
2018-03-02 02:00:00,2825.39,PGE
2018-03-02 03:00:00,2869.7,PGE
2018-03-02 04:00:00,2866.93,PGE
2018-03-02 05:00:00,2705.76,PGE
2018-03-02 06:00:00,2521.56,PGE
2018-03-02 07:00:00,2363.03,PGE
2018-03-02 08:00:00,2207.13,PGE
2018-03-02 09:00:00,2100.34,PGE
2018-03-02 10:00:00,2014.97,PGE
2018-03-02 11:00:00,2010.17,PGE
2018-03-02 12:00:00,2143.61,PGE
2018-03-02 13:00:00,2319.64,PGE
2018-03-02 14:00:00,2518.0,PGE
2018-03-02 15:00:00,2734.4,PGE
2018-03-02 16:00:00,3041.99,PGE
2018-03-02 17:00:00,2997.62,PGE
2018-03-02 18:00:00,2953.15,PGE
2018-03-02 19:00:00,2878.75,PGE
2018-03-02 20:00:00,2796.82,PGE
2018-03-02 21:00:00,2761.66,PGE
2018-03-02 22:00:00,2702.3,PGE
2018-03-02 23:00:00,2669.0,PGE
2018-03-03 00:00:00,2457.44,PGE
2018-03-03 01:00:00,2558.94,PGE
2018-03-03 02:00:00,2695.1,PGE
2018-03-03 03:00:00,2742.82,PGE
2018-03-03 04:00:00,2733.11,PGE
2018-03-03 05:00:00,2592.35,PGE
2018-03-03 06:00:00,2437.31,PGE
2018-03-03 07:00:00,2268.63,PGE
2018-03-03 08:00:00,2140.22,PGE
2018-03-03 09:00:00,2055.15,PGE
2018-03-03 10:00:00,2012.12,PGE
2018-03-03 11:00:00,1994.94,PGE
2018-03-03 12:00:00,2018.77,PGE
2018-03-03 13:00:00,2100.34,PGE
2018-03-03 14:00:00,2187.66,PGE
2018-03-03 15:00:00,2275.46,PGE
2018-03-03 16:00:00,2527.32,PGE
2018-03-03 17:00:00,2562.67,PGE
2018-03-03 18:00:00,2565.57,PGE
2018-03-03 19:00:00,2557.81,PGE
2018-03-03 20:00:00,2539.02,PGE
2018-03-03 21:00:00,2504.12,PGE
2018-03-03 22:00:00,2469.56,PGE
2018-03-03 23:00:00,2430.38,PGE
2018-03-04 00:00:00,2303.42,PGE
2018-03-04 01:00:00,2305.69,PGE
2018-03-04 02:00:00,2480.58,PGE
2018-03-04 03:00:00,2571.48,PGE
2018-03-04 04:00:00,2609.1,PGE
2018-03-04 05:00:00,2488.93,PGE
2018-03-04 06:00:00,2361.52,PGE
2018-03-04 07:00:00,2219.68,PGE
2018-03-04 08:00:00,2109.38,PGE
2018-03-04 09:00:00,2028.47,PGE
2018-03-04 10:00:00,1971.58,PGE
2018-03-04 11:00:00,1961.82,PGE
2018-03-04 12:00:00,1991.23,PGE
2018-03-04 13:00:00,2062.84,PGE
2018-03-04 14:00:00,2170.88,PGE
2018-03-04 15:00:00,2318.75,PGE
2018-03-04 16:00:00,2579.65,PGE
2018-03-04 17:00:00,2572.99,PGE
2018-03-04 18:00:00,2601.98,PGE
2018-03-04 19:00:00,2595.73,PGE
2018-03-04 20:00:00,2580.62,PGE
2018-03-04 21:00:00,2557.63,PGE
2018-03-04 22:00:00,2533.05,PGE
2018-03-04 23:00:00,2483.69,PGE
2018-03-05 00:00:00,2490.88,PGE
2018-03-05 01:00:00,2555.39,PGE
2018-03-05 02:00:00,2703.52,PGE
2018-03-05 03:00:00,2791.34,PGE
2018-03-05 04:00:00,2828.63,PGE
2018-03-05 05:00:00,2651.62,PGE
2018-03-05 06:00:00,2458.26,PGE
2018-03-05 07:00:00,2252.72,PGE
2018-03-05 08:00:00,2069.03,PGE
2018-03-05 09:00:00,1946.92,PGE
2018-03-05 10:00:00,1908.89,PGE
2018-03-05 11:00:00,1921.9,PGE
2018-03-05 12:00:00,2057.62,PGE
2018-03-05 13:00:00,2216.63,PGE
2018-03-05 14:00:00,2388.64,PGE
2018-03-05 15:00:00,2572.31,PGE
2018-03-05 16:00:00,2847.18,PGE
2018-03-05 17:00:00,2817.85,PGE
2018-03-05 18:00:00,2763.02,PGE
2018-03-05 19:00:00,2722.61,PGE
2018-03-05 20:00:00,2685.39,PGE
2018-03-05 21:00:00,2665.49,PGE
2018-03-05 22:00:00,2665.31,PGE
2018-03-05 23:00:00,2653.03,PGE
2018-03-06 00:00:00,2457.68,PGE
2018-03-06 01:00:00,2489.72,PGE
2018-03-06 02:00:00,2639.04,PGE
2018-03-06 03:00:00,2752.74,PGE
2018-03-06 04:00:00,2803.2,PGE
2018-03-06 05:00:00,2657.18,PGE
2018-03-06 06:00:00,2475.18,PGE
2018-03-06 07:00:00,2283.29,PGE
2018-03-06 08:00:00,2115.17,PGE
2018-03-06 09:00:00,2013.67,PGE
2018-03-06 10:00:00,1973.56,PGE
2018-03-06 11:00:00,1982.69,PGE
2018-03-06 12:00:00,2118.56,PGE
2018-03-06 13:00:00,2293.04,PGE
2018-03-06 14:00:00,2469.92,PGE
2018-03-06 15:00:00,2755.94,PGE
2018-03-06 16:00:00,2929.93,PGE
2018-03-06 17:00:00,2816.15,PGE
2018-03-06 18:00:00,2735.72,PGE
2018-03-06 19:00:00,2667.85,PGE
2018-03-06 20:00:00,2615.88,PGE
2018-03-06 21:00:00,2571.33,PGE
2018-03-06 22:00:00,2519.44,PGE
2018-03-06 23:00:00,2455.22,PGE
2018-03-07 00:00:00,2368.7,PGE
2018-03-07 01:00:00,2409.4,PGE
2018-03-07 02:00:00,2554.49,PGE
2018-03-07 03:00:00,2664.08,PGE
2018-03-07 04:00:00,2738.56,PGE
2018-03-07 05:00:00,2590.45,PGE
2018-03-07 06:00:00,2398.88,PGE
2018-03-07 07:00:00,2205.33,PGE
2018-03-07 08:00:00,2056.12,PGE
2018-03-07 09:00:00,1955.27,PGE
2018-03-07 10:00:00,1918.35,PGE
2018-03-07 11:00:00,1912.46,PGE
2018-03-07 12:00:00,2032.29,PGE
2018-03-07 13:00:00,2201.69,PGE
2018-03-07 14:00:00,2377.4,PGE
2018-03-07 15:00:00,2645.0,PGE
2018-03-07 16:00:00,2794.67,PGE
2018-03-07 17:00:00,2724.26,PGE
2018-03-07 18:00:00,2673.2,PGE
2018-03-07 19:00:00,2629.9,PGE
2018-03-07 20:00:00,2582.74,PGE
2018-03-07 21:00:00,2527.03,PGE
2018-03-07 22:00:00,2475.03,PGE
2018-03-07 23:00:00,2433.71,PGE
2018-03-08 00:00:00,2332.8,PGE
2018-03-08 01:00:00,2434.69,PGE
2018-03-08 02:00:00,2620.63,PGE
2018-03-08 03:00:00,2649.07,PGE
2018-03-08 04:00:00,2656.67,PGE
2018-03-08 05:00:00,2496.36,PGE
2018-03-08 06:00:00,2322.56,PGE
2018-03-08 07:00:00,2144.3,PGE
2018-03-08 08:00:00,1950.15,PGE
2018-03-08 09:00:00,1832.1,PGE
2018-03-08 10:00:00,1796.91,PGE
2018-03-08 11:00:00,1790.14,PGE
2018-03-08 12:00:00,1882.32,PGE
2018-03-08 13:00:00,2093.12,PGE
2018-03-08 14:00:00,2264.93,PGE
2018-03-08 15:00:00,2499.31,PGE
2018-03-08 16:00:00,2711.73,PGE
2018-03-08 17:00:00,2717.03,PGE
2018-03-08 18:00:00,2734.39,PGE
2018-03-08 19:00:00,2701.86,PGE
2018-03-08 20:00:00,2636.34,PGE
2018-03-08 21:00:00,2668.81,PGE
2018-03-08 22:00:00,2706.73,PGE
2018-03-08 23:00:00,2724.73,PGE
2018-03-09 00:00:00,2699.3,PGE
2018-03-09 01:00:00,2733.66,PGE
2018-03-09 02:00:00,2764.6,PGE
2018-03-09 03:00:00,2789.77,PGE
2018-03-09 04:00:00,2756.55,PGE
2018-03-09 05:00:00,2599.14,PGE
2018-03-09 06:00:00,2391.92,PGE
2018-03-09 07:00:00,2193.99,PGE
2018-03-09 08:00:00,2007.72,PGE
2018-03-09 09:00:00,1875.94,PGE
2018-03-09 10:00:00,1833.22,PGE
2018-03-09 11:00:00,1832.53,PGE
2018-03-09 12:00:00,1957.58,PGE
2018-03-09 13:00:00,2117.49,PGE
2018-03-09 14:00:00,2295.94,PGE
2018-03-09 15:00:00,2608.41,PGE
2018-03-09 16:00:00,2738.65,PGE
2018-03-09 17:00:00,2687.1,PGE
2018-03-09 18:00:00,2656.31,PGE
2018-03-09 19:00:00,2609.66,PGE
2018-03-09 20:00:00,2571.08,PGE
2018-03-09 21:00:00,2533.23,PGE
2018-03-09 22:00:00,2493.88,PGE
2018-03-09 23:00:00,2448.9,PGE
2018-03-10 00:00:00,2251.82,PGE
2018-03-10 01:00:00,2280.05,PGE
2018-03-10 02:00:00,2401.43,PGE
2018-03-10 03:00:00,2475.13,PGE
2018-03-10 04:00:00,2515.34,PGE
2018-03-10 05:00:00,2407.8,PGE
2018-03-10 06:00:00,2300.57,PGE
2018-03-10 07:00:00,2153.67,PGE
2018-03-10 08:00:00,2039.28,PGE
2018-03-10 09:00:00,1953.56,PGE
2018-03-10 10:00:00,1896.24,PGE
2018-03-10 11:00:00,1879.78,PGE
2018-03-10 12:00:00,1896.71,PGE
2018-03-10 13:00:00,1953.78,PGE
2018-03-10 14:00:00,2045.42,PGE
2018-03-10 15:00:00,2228.34,PGE
2018-03-10 16:00:00,2402.65,PGE
2018-03-10 17:00:00,2438.65,PGE
2018-03-10 18:00:00,2425.09,PGE
2018-03-10 19:00:00,2403.77,PGE
2018-03-10 20:00:00,2379.54,PGE
2018-03-10 21:00:00,2346.19,PGE
2018-03-10 22:00:00,2295.5,PGE
2018-03-10 23:00:00,2237.4,PGE
2018-03-11 00:00:00,2259.64,PGE
2018-03-11 01:00:00,2251.58,PGE
2018-03-11 02:00:00,2372.81,PGE
2018-03-11 03:00:00,2416.76,PGE
2018-03-11 04:00:00,2458.08,PGE
2018-03-11 05:00:00,2378.01,PGE
2018-03-11 06:00:00,2271.57,PGE
2018-03-11 07:00:00,2095.58,PGE
2018-03-11 08:00:00,1914.0,PGE
2018-03-11 09:00:00,1822.33,PGE
2018-03-11 10:00:00,1782.2,PGE
2018-03-11 11:00:00,1768.42,PGE
2018-03-11 12:00:00,1785.45,PGE
2018-03-11 13:00:00,1836.99,PGE
2018-03-11 14:00:00,1936.09,PGE
2018-03-11 15:00:00,2149.07,PGE
2018-03-11 16:00:00,2274.6,PGE
2018-03-11 17:00:00,2314.36,PGE
2018-03-11 18:00:00,2328.18,PGE
2018-03-11 19:00:00,2304.15,PGE
2018-03-11 20:00:00,2286.51,PGE
2018-03-11 21:00:00,2260.49,PGE
2018-03-11 22:00:00,2225.95,PGE
2018-03-11 23:00:00,2161.12,PGE
2018-03-12 00:00:00,2315.71,PGE
2018-03-12 01:00:00,2306.17,PGE
2018-03-12 02:00:00,2374.53,PGE
2018-03-12 03:00:00,2438.17,PGE
2018-03-12 04:00:00,2500.15,PGE
2018-03-12 05:00:00,2391.26,PGE
2018-03-12 06:00:00,2219.47,PGE
2018-03-12 07:00:00,2063.41,PGE
2018-03-12 08:00:00,1919.63,PGE
2018-03-12 09:00:00,1807.55,PGE
2018-03-12 10:00:00,1757.44,PGE
2018-03-12 11:00:00,1767.15,PGE
2018-03-12 12:00:00,1843.03,PGE
2018-03-12 13:00:00,2001.53,PGE
2018-03-12 14:00:00,2171.02,PGE
2018-03-12 15:00:00,2470.05,PGE
2018-03-12 16:00:00,2599.11,PGE
2018-03-12 17:00:00,2554.42,PGE
2018-03-12 18:00:00,2522.68,PGE
2018-03-12 19:00:00,2491.83,PGE
2018-03-12 20:00:00,2465.38,PGE
2018-03-12 21:00:00,2449.61,PGE
2018-03-12 22:00:00,2404.11,PGE
2018-03-12 23:00:00,2351.39,PGE
2018-03-13 00:00:00,2315.24,PGE
2018-03-13 01:00:00,2319.88,PGE
2018-03-13 02:00:00,2385.49,PGE
2018-03-13 03:00:00,2427.38,PGE
2018-03-13 04:00:00,2454.4,PGE
2018-03-13 05:00:00,2361.04,PGE
2018-03-13 06:00:00,2182.61,PGE
2018-03-13 07:00:00,2028.28,PGE
2018-03-13 08:00:00,1889.59,PGE
2018-03-13 09:00:00,1763.95,PGE
2018-03-13 10:00:00,1700.87,PGE
2018-03-13 11:00:00,1697.42,PGE
2018-03-13 12:00:00,1766.42,PGE
2018-03-13 13:00:00,1933.82,PGE
2018-03-13 14:00:00,2107.25,PGE
2018-03-13 15:00:00,2310.08,PGE
2018-03-13 16:00:00,2466.06,PGE
2018-03-13 17:00:00,2528.54,PGE
2018-03-13 18:00:00,2548.45,PGE
2018-03-13 19:00:00,2578.37,PGE
2018-03-13 20:00:00,2590.01,PGE
2018-03-13 21:00:00,2553.14,PGE
2018-03-13 22:00:00,2566.01,PGE
2018-03-13 23:00:00,2557.23,PGE
2018-03-14 00:00:00,2403.45,PGE
2018-03-14 01:00:00,2489.3,PGE
2018-03-14 02:00:00,2561.49,PGE
2018-03-14 03:00:00,2599.38,PGE
2018-03-14 04:00:00,2596.08,PGE
2018-03-14 05:00:00,2458.12,PGE
2018-03-14 06:00:00,2248.36,PGE
2018-03-14 07:00:00,2074.77,PGE
2018-03-14 08:00:00,1903.28,PGE
2018-03-14 09:00:00,1800.07,PGE
2018-03-14 10:00:00,1765.67,PGE
2018-03-14 11:00:00,1778.23,PGE
2018-03-14 12:00:00,1893.96,PGE
2018-03-14 13:00:00,2076.1,PGE
2018-03-14 14:00:00,2263.8,PGE
2018-03-14 15:00:00,2570.41,PGE
2018-03-14 16:00:00,2708.33,PGE
2018-03-14 17:00:00,2720.4,PGE
2018-03-14 18:00:00,2701.83,PGE
2018-03-14 19:00:00,2681.15,PGE
2018-03-14 20:00:00,2649.17,PGE
2018-03-14 21:00:00,2614.2,PGE
2018-03-14 22:00:00,2573.66,PGE
2018-03-14 23:00:00,2501.99,PGE
2018-03-15 00:00:00,2446.46,PGE
2018-03-15 01:00:00,2485.65,PGE
2018-03-15 02:00:00,2589.45,PGE
2018-03-15 03:00:00,2675.43,PGE
2018-03-15 04:00:00,2697.73,PGE
2018-03-15 05:00:00,2542.08,PGE
2018-03-15 06:00:00,2365.71,PGE
2018-03-15 07:00:00,2197.11,PGE
2018-03-15 08:00:00,2041.57,PGE
2018-03-15 09:00:00,1954.28,PGE
2018-03-15 10:00:00,1931.26,PGE
2018-03-15 11:00:00,1947.51,PGE
2018-03-15 12:00:00,2081.36,PGE
2018-03-15 13:00:00,2250.62,PGE
2018-03-15 14:00:00,2435.4,PGE
2018-03-15 15:00:00,2739.87,PGE
2018-03-15 16:00:00,2861.85,PGE
2018-03-15 17:00:00,2790.48,PGE
2018-03-15 18:00:00,2750.79,PGE
2018-03-15 19:00:00,2735.53,PGE
2018-03-15 20:00:00,2671.11,PGE
2018-03-15 21:00:00,2607.57,PGE
2018-03-15 22:00:00,2572.01,PGE
2018-03-15 23:00:00,2597.96,PGE
2018-03-16 00:00:00,2480.13,PGE
2018-03-16 01:00:00,2596.21,PGE
2018-03-16 02:00:00,2684.98,PGE
2018-03-16 03:00:00,2726.17,PGE
2018-03-16 04:00:00,2713.67,PGE
2018-03-16 05:00:00,2561.23,PGE
2018-03-16 06:00:00,2381.74,PGE
2018-03-16 07:00:00,2192.64,PGE
2018-03-16 08:00:00,2002.32,PGE
2018-03-16 09:00:00,1885.24,PGE
2018-03-16 10:00:00,1850.57,PGE
2018-03-16 11:00:00,1856.46,PGE
2018-03-16 12:00:00,1990.37,PGE
2018-03-16 13:00:00,2162.71,PGE
2018-03-16 14:00:00,2329.43,PGE
2018-03-16 15:00:00,2646.3,PGE
2018-03-16 16:00:00,2755.58,PGE
2018-03-16 17:00:00,2739.81,PGE
2018-03-16 18:00:00,2704.16,PGE
2018-03-16 19:00:00,2663.58,PGE
2018-03-16 20:00:00,2617.86,PGE
2018-03-16 21:00:00,2567.82,PGE
2018-03-16 22:00:00,2517.23,PGE
2018-03-16 23:00:00,2527.43,PGE
2018-03-17 00:00:00,2325.69,PGE
2018-03-17 01:00:00,2360.03,PGE
2018-03-17 02:00:00,2483.29,PGE
2018-03-17 03:00:00,2539.7,PGE
2018-03-17 04:00:00,2566.65,PGE
2018-03-17 05:00:00,2429.09,PGE
2018-03-17 06:00:00,2272.15,PGE
2018-03-17 07:00:00,2108.7,PGE
2018-03-17 08:00:00,1982.22,PGE
2018-03-17 09:00:00,1902.33,PGE
2018-03-17 10:00:00,1845.4,PGE
2018-03-17 11:00:00,1827.75,PGE
2018-03-17 12:00:00,1853.52,PGE
2018-03-17 13:00:00,1929.85,PGE
2018-03-17 14:00:00,2029.62,PGE
2018-03-17 15:00:00,2274.91,PGE
2018-03-17 16:00:00,2405.55,PGE
2018-03-17 17:00:00,2464.76,PGE
2018-03-17 18:00:00,2485.46,PGE
2018-03-17 19:00:00,2465.73,PGE
2018-03-17 20:00:00,2452.97,PGE
2018-03-17 21:00:00,2426.11,PGE
2018-03-17 22:00:00,2401.84,PGE
2018-03-17 23:00:00,2365.41,PGE
2018-03-18 00:00:00,2364.44,PGE
2018-03-18 01:00:00,2367.07,PGE
2018-03-18 02:00:00,2459.67,PGE
2018-03-18 03:00:00,2564.48,PGE
2018-03-18 04:00:00,2621.98,PGE
2018-03-18 05:00:00,2497.62,PGE
2018-03-18 06:00:00,2357.93,PGE
2018-03-18 07:00:00,2202.5,PGE
2018-03-18 08:00:00,2039.69,PGE
2018-03-18 09:00:00,1899.5,PGE
2018-03-18 10:00:00,1847.71,PGE
2018-03-18 11:00:00,1830.27,PGE
2018-03-18 12:00:00,1842.28,PGE
2018-03-18 13:00:00,1907.83,PGE
2018-03-18 14:00:00,1991.46,PGE
2018-03-18 15:00:00,2192.69,PGE
2018-03-18 16:00:00,2351.04,PGE
2018-03-18 17:00:00,2452.71,PGE
2018-03-18 18:00:00,2496.0,PGE
2018-03-18 19:00:00,2492.73,PGE
2018-03-18 20:00:00,2472.32,PGE
2018-03-18 21:00:00,2438.59,PGE
2018-03-18 22:00:00,2412.95,PGE
2018-03-18 23:00:00,2403.93,PGE
2018-03-19 00:00:00,2407.48,PGE
2018-03-19 01:00:00,2499.05,PGE
2018-03-19 02:00:00,2566.87,PGE
2018-03-19 03:00:00,2635.14,PGE
2018-03-19 04:00:00,2653.04,PGE
2018-03-19 05:00:00,2508.84,PGE
2018-03-19 06:00:00,2316.96,PGE
2018-03-19 07:00:00,2112.07,PGE
2018-03-19 08:00:00,1938.13,PGE
2018-03-19 09:00:00,1835.85,PGE
2018-03-19 10:00:00,1804.87,PGE
2018-03-19 11:00:00,1817.32,PGE
2018-03-19 12:00:00,1939.57,PGE
2018-03-19 13:00:00,2108.51,PGE
2018-03-19 14:00:00,2274.23,PGE
2018-03-19 15:00:00,2560.47,PGE
2018-03-19 16:00:00,2690.01,PGE
2018-03-19 17:00:00,2687.35,PGE
2018-03-19 18:00:00,2683.44,PGE
2018-03-19 19:00:00,2664.15,PGE
2018-03-19 20:00:00,2622.2,PGE
2018-03-19 21:00:00,2565.2,PGE
2018-03-19 22:00:00,2486.96,PGE
2018-03-19 23:00:00,2437.79,PGE
2018-03-20 00:00:00,2337.02,PGE
2018-03-20 01:00:00,2339.11,PGE
2018-03-20 02:00:00,2466.54,PGE
2018-03-20 03:00:00,2555.33,PGE
2018-03-20 04:00:00,2616.24,PGE
2018-03-20 05:00:00,2498.16,PGE
2018-03-20 06:00:00,2317.19,PGE
2018-03-20 07:00:00,2139.3,PGE
2018-03-20 08:00:00,1994.87,PGE
2018-03-20 09:00:00,1895.61,PGE
2018-03-20 10:00:00,1864.48,PGE
2018-03-20 11:00:00,1871.58,PGE
2018-03-20 12:00:00,1985.17,PGE
2018-03-20 13:00:00,2156.98,PGE
2018-03-20 14:00:00,2333.54,PGE
2018-03-20 15:00:00,2696.84,PGE
2018-03-20 16:00:00,2682.26,PGE
2018-03-20 17:00:00,2657.72,PGE
2018-03-20 18:00:00,2584.15,PGE
2018-03-20 19:00:00,2514.97,PGE
2018-03-20 20:00:00,2462.5,PGE
2018-03-20 21:00:00,2417.49,PGE
2018-03-20 22:00:00,2375.75,PGE
2018-03-20 23:00:00,2341.48,PGE
2018-03-21 00:00:00,2336.33,PGE
2018-03-21 01:00:00,2297.5,PGE
2018-03-21 02:00:00,2402.66,PGE
2018-03-21 03:00:00,2519.23,PGE
2018-03-21 04:00:00,2589.82,PGE
2018-03-21 05:00:00,2458.55,PGE
2018-03-21 06:00:00,2271.97,PGE
2018-03-21 07:00:00,2097.03,PGE
2018-03-21 08:00:00,1937.1,PGE
2018-03-21 09:00:00,1828.75,PGE
2018-03-21 10:00:00,1783.31,PGE
2018-03-21 11:00:00,1793.87,PGE
2018-03-21 12:00:00,1907.26,PGE
2018-03-21 13:00:00,2073.15,PGE
2018-03-21 14:00:00,2239.8,PGE
2018-03-21 15:00:00,2504.68,PGE
2018-03-21 16:00:00,2639.56,PGE
2018-03-21 17:00:00,2624.38,PGE
2018-03-21 18:00:00,2589.78,PGE
2018-03-21 19:00:00,2595.75,PGE
2018-03-21 20:00:00,2600.61,PGE
2018-03-21 21:00:00,2568.07,PGE
2018-03-21 22:00:00,2493.28,PGE
2018-03-21 23:00:00,2433.67,PGE
2018-03-22 00:00:00,2290.37,PGE
2018-03-22 01:00:00,2365.83,PGE
2018-03-22 02:00:00,2502.17,PGE
2018-03-22 03:00:00,2544.35,PGE
2018-03-22 04:00:00,2560.44,PGE
2018-03-22 05:00:00,2496.85,PGE
2018-03-22 06:00:00,2333.23,PGE
2018-03-22 07:00:00,2111.86,PGE
2018-03-22 08:00:00,1913.61,PGE
2018-03-22 09:00:00,1799.36,PGE
2018-03-22 10:00:00,1740.53,PGE
2018-03-22 11:00:00,1731.05,PGE
2018-03-22 12:00:00,1836.27,PGE
2018-03-22 13:00:00,2024.48,PGE
2018-03-22 14:00:00,2245.42,PGE
2018-03-22 15:00:00,2611.64,PGE
2018-03-22 16:00:00,2838.7,PGE
2018-03-22 17:00:00,2894.43,PGE
2018-03-22 18:00:00,2878.87,PGE
2018-03-22 19:00:00,2839.48,PGE
2018-03-22 20:00:00,2792.34,PGE
2018-03-22 21:00:00,2752.9,PGE
2018-03-22 22:00:00,2682.83,PGE
2018-03-22 23:00:00,2612.83,PGE
2018-03-23 00:00:00,2561.73,PGE
2018-03-23 01:00:00,2612.41,PGE
2018-03-23 02:00:00,2725.36,PGE
2018-03-23 03:00:00,2803.5,PGE
2018-03-23 04:00:00,2854.4,PGE
2018-03-23 05:00:00,2674.83,PGE
2018-03-23 06:00:00,2527.68,PGE
2018-03-23 07:00:00,2380.87,PGE
2018-03-23 08:00:00,2204.74,PGE
2018-03-23 09:00:00,2075.02,PGE
2018-03-23 10:00:00,2018.53,PGE
2018-03-23 11:00:00,2018.82,PGE
2018-03-23 12:00:00,2160.88,PGE
2018-03-23 13:00:00,2335.12,PGE
2018-03-23 14:00:00,2501.02,PGE
2018-03-23 15:00:00,2794.98,PGE
2018-03-23 16:00:00,2940.09,PGE
2018-03-23 17:00:00,2876.01,PGE
2018-03-23 18:00:00,2834.33,PGE
2018-03-23 19:00:00,2810.2,PGE
2018-03-23 20:00:00,2801.6,PGE
2018-03-23 21:00:00,2794.24,PGE
2018-03-23 22:00:00,2776.33,PGE
2018-03-23 23:00:00,2769.26,PGE
2018-03-24 00:00:00,2544.36,PGE
2018-03-24 01:00:00,2603.21,PGE
2018-03-24 02:00:00,2725.28,PGE
2018-03-24 03:00:00,2754.44,PGE
2018-03-24 04:00:00,2706.02,PGE
2018-03-24 05:00:00,2588.21,PGE
2018-03-24 06:00:00,2489.46,PGE
2018-03-24 07:00:00,2358.19,PGE
2018-03-24 08:00:00,2203.21,PGE
2018-03-24 09:00:00,2060.55,PGE
2018-03-24 10:00:00,2000.51,PGE
2018-03-24 11:00:00,1983.09,PGE
2018-03-24 12:00:00,2018.77,PGE
2018-03-24 13:00:00,2096.62,PGE
2018-03-24 14:00:00,2176.87,PGE
2018-03-24 15:00:00,2363.57,PGE
2018-03-24 16:00:00,2571.68,PGE
2018-03-24 17:00:00,2659.57,PGE
2018-03-24 18:00:00,2725.6,PGE
2018-03-24 19:00:00,2715.94,PGE
2018-03-24 20:00:00,2696.42,PGE
2018-03-24 21:00:00,2684.2,PGE
2018-03-24 22:00:00,2673.99,PGE
2018-03-24 23:00:00,2632.96,PGE
2018-03-25 00:00:00,2520.7,PGE
2018-03-25 01:00:00,2550.42,PGE
2018-03-25 02:00:00,2649.08,PGE
2018-03-25 03:00:00,2675.41,PGE
2018-03-25 04:00:00,2632.54,PGE
2018-03-25 05:00:00,2518.29,PGE
2018-03-25 06:00:00,2394.39,PGE
2018-03-25 07:00:00,2234.36,PGE
2018-03-25 08:00:00,2103.75,PGE
2018-03-25 09:00:00,2012.99,PGE
2018-03-25 10:00:00,1965.26,PGE
2018-03-25 11:00:00,1959.48,PGE
2018-03-25 12:00:00,1985.52,PGE
2018-03-25 13:00:00,2063.42,PGE
2018-03-25 14:00:00,2166.51,PGE
2018-03-25 15:00:00,2356.82,PGE
2018-03-25 16:00:00,2534.49,PGE
2018-03-25 17:00:00,2612.61,PGE
2018-03-25 18:00:00,2660.66,PGE
2018-03-25 19:00:00,2684.42,PGE
2018-03-25 20:00:00,2672.37,PGE
2018-03-25 21:00:00,2650.95,PGE
2018-03-25 22:00:00,2629.75,PGE
2018-03-25 23:00:00,2589.73,PGE
2018-03-26 00:00:00,2535.96,PGE
2018-03-26 01:00:00,2558.83,PGE
2018-03-26 02:00:00,2668.3,PGE
2018-03-26 03:00:00,2765.07,PGE
2018-03-26 04:00:00,2800.26,PGE
2018-03-26 05:00:00,2647.15,PGE
2018-03-26 06:00:00,2461.88,PGE
2018-03-26 07:00:00,2273.63,PGE
2018-03-26 08:00:00,2113.32,PGE
2018-03-26 09:00:00,2001.6,PGE
2018-03-26 10:00:00,1976.53,PGE
2018-03-26 11:00:00,1978.06,PGE
2018-03-26 12:00:00,2091.34,PGE
2018-03-26 13:00:00,2264.93,PGE
2018-03-26 14:00:00,2456.75,PGE
2018-03-26 15:00:00,2756.87,PGE
2018-03-26 16:00:00,2929.61,PGE
2018-03-26 17:00:00,2946.9,PGE
2018-03-26 18:00:00,2918.8,PGE
2018-03-26 19:00:00,2874.79,PGE
2018-03-26 20:00:00,2842.9,PGE
2018-03-26 21:00:00,2827.43,PGE
2018-03-26 22:00:00,2821.57,PGE
2018-03-26 23:00:00,2818.88,PGE
2018-03-27 00:00:00,2719.11,PGE
2018-03-27 01:00:00,2736.11,PGE
2018-03-27 02:00:00,2782.84,PGE
2018-03-27 03:00:00,2816.43,PGE
2018-03-27 04:00:00,2785.91,PGE
2018-03-27 05:00:00,2615.56,PGE
2018-03-27 06:00:00,2414.58,PGE
2018-03-27 07:00:00,2215.65,PGE
2018-03-27 08:00:00,2023.28,PGE
2018-03-27 09:00:00,1895.62,PGE
2018-03-27 10:00:00,1851.75,PGE
2018-03-27 11:00:00,1853.27,PGE
2018-03-27 12:00:00,1985.08,PGE
2018-03-27 13:00:00,2152.79,PGE
2018-03-27 14:00:00,2317.02,PGE
2018-03-27 15:00:00,2538.9,PGE
2018-03-27 16:00:00,2724.77,PGE
2018-03-27 17:00:00,2797.58,PGE
2018-03-27 18:00:00,2802.82,PGE
2018-03-27 19:00:00,2782.58,PGE
2018-03-27 20:00:00,2750.13,PGE
2018-03-27 21:00:00,2717.45,PGE
2018-03-27 22:00:00,2702.43,PGE
2018-03-27 23:00:00,2705.13,PGE
2018-03-28 00:00:00,2641.02,PGE
2018-03-28 01:00:00,2666.69,PGE
2018-03-28 02:00:00,2688.44,PGE
2018-03-28 03:00:00,2701.58,PGE
2018-03-28 04:00:00,2671.97,PGE
2018-03-28 05:00:00,2517.38,PGE
2018-03-28 06:00:00,2307.15,PGE
2018-03-28 07:00:00,2122.05,PGE
2018-03-28 08:00:00,1942.53,PGE
2018-03-28 09:00:00,1833.09,PGE
2018-03-28 10:00:00,1806.15,PGE
2018-03-28 11:00:00,1817.12,PGE
2018-03-28 12:00:00,1932.65,PGE
2018-03-28 13:00:00,2097.2,PGE
2018-03-28 14:00:00,2267.7,PGE
2018-03-28 15:00:00,2631.0,PGE
2018-03-28 16:00:00,2695.52,PGE
2018-03-28 17:00:00,2711.65,PGE
2018-03-28 18:00:00,2667.48,PGE
2018-03-28 19:00:00,2633.39,PGE
2018-03-28 20:00:00,2599.33,PGE
2018-03-28 21:00:00,2565.21,PGE
2018-03-28 22:00:00,2503.43,PGE
2018-03-28 23:00:00,2480.01,PGE
2018-03-29 00:00:00,2358.99,PGE
2018-03-29 01:00:00,2378.77,PGE
2018-03-29 02:00:00,2466.19,PGE
2018-03-29 03:00:00,2556.8,PGE
2018-03-29 04:00:00,2588.63,PGE
2018-03-29 05:00:00,2467.97,PGE
2018-03-29 06:00:00,2283.6,PGE
2018-03-29 07:00:00,2097.22,PGE
2018-03-29 08:00:00,1943.23,PGE
2018-03-29 09:00:00,1853.28,PGE
2018-03-29 10:00:00,1829.34,PGE
2018-03-29 11:00:00,1841.73,PGE
2018-03-29 12:00:00,1959.15,PGE
2018-03-29 13:00:00,2133.51,PGE
2018-03-29 14:00:00,2310.35,PGE
2018-03-29 15:00:00,2663.73,PGE
2018-03-29 16:00:00,2662.17,PGE
2018-03-29 17:00:00,2634.87,PGE
2018-03-29 18:00:00,2576.28,PGE
2018-03-29 19:00:00,2542.54,PGE
2018-03-29 20:00:00,2507.29,PGE
2018-03-29 21:00:00,2458.61,PGE
2018-03-29 22:00:00,2410.57,PGE
2018-03-29 23:00:00,2368.85,PGE
2018-03-30 00:00:00,2277.91,PGE
2018-03-30 01:00:00,2251.51,PGE
2018-03-30 02:00:00,2376.13,PGE
2018-03-30 03:00:00,2468.86,PGE
2018-03-30 04:00:00,2522.23,PGE
2018-03-30 05:00:00,2412.82,PGE
2018-03-30 06:00:00,2230.72,PGE
2018-03-30 07:00:00,2056.1,PGE
2018-03-30 08:00:00,1899.4,PGE
2018-03-30 09:00:00,1799.54,PGE
2018-03-30 10:00:00,1770.69,PGE
2018-03-30 11:00:00,1781.94,PGE
2018-03-30 12:00:00,1881.75,PGE
2018-03-30 13:00:00,2057.21,PGE
2018-03-30 14:00:00,2244.34,PGE
2018-03-30 15:00:00,2587.82,PGE
2018-03-30 16:00:00,2592.34,PGE
2018-03-30 17:00:00,2597.14,PGE
2018-03-30 18:00:00,2550.96,PGE
2018-03-30 19:00:00,2523.48,PGE
2018-03-30 20:00:00,2503.98,PGE
2018-03-30 21:00:00,2494.25,PGE
2018-03-30 22:00:00,2476.45,PGE
2018-03-30 23:00:00,2447.67,PGE
2018-03-31 00:00:00,2225.04,PGE
2018-03-31 01:00:00,2199.18,PGE
2018-03-31 02:00:00,2276.45,PGE
2018-03-31 03:00:00,2346.1,PGE
2018-03-31 04:00:00,2409.48,PGE
2018-03-31 05:00:00,2314.89,PGE
2018-03-31 06:00:00,2200.53,PGE
2018-03-31 07:00:00,2037.04,PGE
2018-03-31 08:00:00,1895.33,PGE
2018-03-31 09:00:00,1812.0,PGE
2018-03-31 10:00:00,1770.76,PGE
2018-03-31 11:00:00,1763.32,PGE
2018-03-31 12:00:00,1788.78,PGE
2018-03-31 13:00:00,1847.42,PGE
2018-03-31 14:00:00,1947.59,PGE
2018-03-31 15:00:00,2213.14,PGE
2018-03-31 16:00:00,2277.17,PGE
2018-03-31 17:00:00,2343.94,PGE
2018-03-31 18:00:00,2348.96,PGE
2018-03-31 19:00:00,2314.89,PGE
2018-03-31 20:00:00,2283.15,PGE
2018-03-31 21:00:00,2252.29,PGE
2018-03-31 22:00:00,2200.24,PGE
2018-03-31 23:00:00,2165.27,PGE
2018-04-01 00:00:00,2145.56,PGE
2018-04-01 01:00:00,2113.18,PGE
2018-04-01 02:00:00,2173.21,PGE
2018-04-01 03:00:00,2261.99,PGE
2018-04-01 04:00:00,2313.42,PGE
2018-04-01 05:00:00,2205.95,PGE
2018-04-01 06:00:00,2089.89,PGE
2018-04-01 07:00:00,1960.55,PGE
2018-04-01 08:00:00,1873.44,PGE
2018-04-01 09:00:00,1803.79,PGE
2018-04-01 10:00:00,1757.18,PGE
2018-04-01 11:00:00,1751.69,PGE
2018-04-01 12:00:00,1780.47,PGE
2018-04-01 13:00:00,1859.43,PGE
2018-04-01 14:00:00,1980.66,PGE
2018-04-01 15:00:00,2258.09,PGE
2018-04-01 16:00:00,2424.85,PGE
2018-04-01 17:00:00,2465.83,PGE
2018-04-01 18:00:00,2494.16,PGE
2018-04-01 19:00:00,2495.97,PGE
2018-04-01 20:00:00,2490.16,PGE
2018-04-01 21:00:00,2490.6,PGE
2018-04-01 22:00:00,2493.29,PGE
2018-04-01 23:00:00,2499.3,PGE
2018-04-02 00:00:00,2632.38,PGE
2018-04-02 01:00:00,2676.59,PGE
2018-04-02 02:00:00,2741.09,PGE
2018-04-02 03:00:00,2778.11,PGE
2018-04-02 04:00:00,2750.83,PGE
2018-04-02 05:00:00,2561.92,PGE
2018-04-02 06:00:00,2352.01,PGE
2018-04-02 07:00:00,2152.96,PGE
2018-04-02 08:00:00,2006.78,PGE
2018-04-02 09:00:00,1922.1,PGE
2018-04-02 10:00:00,1901.49,PGE
2018-04-02 11:00:00,1909.06,PGE
2018-04-02 12:00:00,2056.62,PGE
2018-04-02 13:00:00,2219.38,PGE
2018-04-02 14:00:00,2408.12,PGE
2018-04-02 15:00:00,2795.82,PGE
2018-04-02 16:00:00,2783.52,PGE
2018-04-02 17:00:00,2734.58,PGE
2018-04-02 18:00:00,2691.99,PGE
2018-04-02 19:00:00,2633.89,PGE
2018-04-02 20:00:00,2603.94,PGE
2018-04-02 21:00:00,2556.72,PGE
2018-04-02 22:00:00,2505.34,PGE
2018-04-02 23:00:00,2450.37,PGE
2018-04-03 00:00:00,2444.5,PGE
2018-04-03 01:00:00,2436.88,PGE
2018-04-03 02:00:00,2448.03,PGE
2018-04-03 03:00:00,2580.83,PGE
2018-04-03 04:00:00,2618.15,PGE
2018-04-03 05:00:00,2472.47,PGE
2018-04-03 06:00:00,2296.71,PGE
2018-04-03 07:00:00,2141.05,PGE
2018-04-03 08:00:00,1993.7,PGE
2018-04-03 09:00:00,1895.19,PGE
2018-04-03 10:00:00,1873.12,PGE
2018-04-03 11:00:00,1881.81,PGE
2018-04-03 12:00:00,2015.37,PGE
2018-04-03 13:00:00,2206.69,PGE
2018-04-03 14:00:00,2383.78,PGE
2018-04-03 15:00:00,2772.74,PGE
2018-04-03 16:00:00,2738.06,PGE
2018-04-03 17:00:00,2671.34,PGE
2018-04-03 18:00:00,2598.45,PGE
2018-04-03 19:00:00,2535.67,PGE
2018-04-03 20:00:00,2494.18,PGE
2018-04-03 21:00:00,2475.82,PGE
2018-04-03 22:00:00,2467.68,PGE
2018-04-03 23:00:00,2462.16,PGE
2018-04-04 00:00:00,2379.03,PGE
2018-04-04 01:00:00,2354.25,PGE
2018-04-04 02:00:00,2455.6,PGE
2018-04-04 03:00:00,2561.74,PGE
2018-04-04 04:00:00,2617.96,PGE
2018-04-04 05:00:00,2444.23,PGE
2018-04-04 06:00:00,2270.34,PGE
2018-04-04 07:00:00,2086.8,PGE
2018-04-04 08:00:00,1912.91,PGE
2018-04-04 09:00:00,1829.91,PGE
2018-04-04 10:00:00,1771.01,PGE
2018-04-04 11:00:00,1778.26,PGE
2018-04-04 12:00:00,1900.81,PGE
2018-04-04 13:00:00,2068.13,PGE
2018-04-04 14:00:00,2241.17,PGE
2018-04-04 15:00:00,2470.16,PGE
2018-04-04 16:00:00,2654.16,PGE
2018-04-04 17:00:00,2665.69,PGE
2018-04-04 18:00:00,2603.8,PGE
2018-04-04 19:00:00,2539.58,PGE
2018-04-04 20:00:00,2455.42,PGE
2018-04-04 21:00:00,2392.73,PGE
2018-04-04 22:00:00,2363.57,PGE
2018-04-04 23:00:00,2316.79,PGE
2018-04-05 00:00:00,2254.3,PGE
2018-04-05 01:00:00,2245.56,PGE
2018-04-05 02:00:00,2345.48,PGE
2018-04-05 03:00:00,2439.45,PGE
2018-04-05 04:00:00,2430.2,PGE
2018-04-05 05:00:00,2282.44,PGE
2018-04-05 06:00:00,2096.1,PGE
2018-04-05 07:00:00,1942.41,PGE
2018-04-05 08:00:00,1784.71,PGE
2018-04-05 09:00:00,1683.85,PGE
2018-04-05 10:00:00,1657.92,PGE
2018-04-05 11:00:00,1677.18,PGE
2018-04-05 12:00:00,1775.2,PGE
2018-04-05 13:00:00,1953.36,PGE
2018-04-05 14:00:00,2119.52,PGE
2018-04-05 15:00:00,2373.53,PGE
2018-04-05 16:00:00,2412.23,PGE
2018-04-05 17:00:00,2423.73,PGE
2018-04-05 18:00:00,2449.68,PGE
2018-04-05 19:00:00,2454.07,PGE
2018-04-05 20:00:00,2435.93,PGE
2018-04-05 21:00:00,2441.4,PGE
2018-04-05 22:00:00,2456.24,PGE
2018-04-05 23:00:00,2477.99,PGE
2018-04-06 00:00:00,2372.79,PGE
2018-04-06 01:00:00,2423.14,PGE
2018-04-06 02:00:00,2479.79,PGE
2018-04-06 03:00:00,2487.95,PGE
2018-04-06 04:00:00,2472.37,PGE
2018-04-06 05:00:00,2343.41,PGE
2018-04-06 06:00:00,2144.07,PGE
2018-04-06 07:00:00,1966.78,PGE
2018-04-06 08:00:00,1814.71,PGE
2018-04-06 09:00:00,1713.79,PGE
2018-04-06 10:00:00,1656.88,PGE
2018-04-06 11:00:00,1635.18,PGE
2018-04-06 12:00:00,1711.38,PGE
2018-04-06 13:00:00,1862.44,PGE
2018-04-06 14:00:00,2028.47,PGE
2018-04-06 15:00:00,2221.46,PGE
2018-04-06 16:00:00,2338.65,PGE
2018-04-06 17:00:00,2376.52,PGE
2018-04-06 18:00:00,2407.84,PGE
2018-04-06 19:00:00,2410.03,PGE
2018-04-06 20:00:00,2386.83,PGE
2018-04-06 21:00:00,2385.66,PGE
2018-04-06 22:00:00,2355.57,PGE
2018-04-06 23:00:00,2323.72,PGE
2018-04-07 00:00:00,2217.73,PGE
2018-04-07 01:00:00,2256.02,PGE
2018-04-07 02:00:00,2290.73,PGE
2018-04-07 03:00:00,2288.52,PGE
2018-04-07 04:00:00,2316.32,PGE
2018-04-07 05:00:00,2255.38,PGE
2018-04-07 06:00:00,2121.81,PGE
2018-04-07 07:00:00,1977.22,PGE
2018-04-07 08:00:00,1855.07,PGE
2018-04-07 09:00:00,1727.94,PGE
2018-04-07 10:00:00,1665.55,PGE
2018-04-07 11:00:00,1626.61,PGE
2018-04-07 12:00:00,1627.58,PGE
2018-04-07 13:00:00,1674.3,PGE
2018-04-07 14:00:00,1792.84,PGE
2018-04-07 15:00:00,2029.47,PGE
2018-04-07 16:00:00,2189.21,PGE
2018-04-07 17:00:00,2267.82,PGE
2018-04-07 18:00:00,2314.89,PGE
2018-04-07 19:00:00,2328.35,PGE
2018-04-07 20:00:00,2339.85,PGE
2018-04-07 21:00:00,2373.67,PGE
2018-04-07 22:00:00,2379.93,PGE
2018-04-07 23:00:00,2401.54,PGE
2018-04-08 00:00:00,2327.45,PGE
2018-04-08 01:00:00,2378.74,PGE
2018-04-08 02:00:00,2451.15,PGE
2018-04-08 03:00:00,2493.67,PGE
2018-04-08 04:00:00,2478.89,PGE
2018-04-08 05:00:00,2389.22,PGE
2018-04-08 06:00:00,2223.1,PGE
2018-04-08 07:00:00,2063.22,PGE
2018-04-08 08:00:00,1921.48,PGE
2018-04-08 09:00:00,1805.28,PGE
2018-04-08 10:00:00,1755.07,PGE
2018-04-08 11:00:00,1748.34,PGE
2018-04-08 12:00:00,1763.08,PGE
2018-04-08 13:00:00,1845.55,PGE
2018-04-08 14:00:00,1949.42,PGE
2018-04-08 15:00:00,2105.39,PGE
2018-04-08 16:00:00,2254.55,PGE
2018-04-08 17:00:00,2354.08,PGE
2018-04-08 18:00:00,2393.58,PGE
2018-04-08 19:00:00,2410.16,PGE
2018-04-08 20:00:00,2424.2,PGE
2018-04-08 21:00:00,2432.35,PGE
2018-04-08 22:00:00,2431.53,PGE
2018-04-08 23:00:00,2408.86,PGE
2018-04-09 00:00:00,2424.75,PGE
2018-04-09 01:00:00,2441.29,PGE
2018-04-09 02:00:00,2460.57,PGE
2018-04-09 03:00:00,2533.02,PGE
2018-04-09 04:00:00,2529.13,PGE
2018-04-09 05:00:00,2386.93,PGE
2018-04-09 06:00:00,2197.54,PGE
2018-04-09 07:00:00,2035.28,PGE
2018-04-09 08:00:00,1887.95,PGE
2018-04-09 09:00:00,1788.97,PGE
2018-04-09 10:00:00,1774.19,PGE
2018-04-09 11:00:00,1785.29,PGE
2018-04-09 12:00:00,1906.25,PGE
2018-04-09 13:00:00,2094.55,PGE
2018-04-09 14:00:00,2332.96,PGE
2018-04-09 15:00:00,2587.22,PGE
2018-04-09 16:00:00,2570.71,PGE
2018-04-09 17:00:00,2512.1,PGE
2018-04-09 18:00:00,2440.04,PGE
2018-04-09 19:00:00,2396.42,PGE
2018-04-09 20:00:00,2373.62,PGE
2018-04-09 21:00:00,2364.57,PGE
2018-04-09 22:00:00,2336.48,PGE
2018-04-09 23:00:00,2295.98,PGE
2018-04-10 00:00:00,2338.69,PGE
2018-04-10 01:00:00,2304.16,PGE
2018-04-10 02:00:00,2302.24,PGE
2018-04-10 03:00:00,2306.81,PGE
2018-04-10 04:00:00,2333.46,PGE
2018-04-10 05:00:00,2223.69,PGE
2018-04-10 06:00:00,2065.86,PGE
2018-04-10 07:00:00,1912.6,PGE
2018-04-10 08:00:00,1771.61,PGE
2018-04-10 09:00:00,1653.66,PGE
2018-04-10 10:00:00,1605.33,PGE
2018-04-10 11:00:00,1643.94,PGE
2018-04-10 12:00:00,1726.6,PGE
2018-04-10 13:00:00,1858.39,PGE
2018-04-10 14:00:00,2071.52,PGE
2018-04-10 15:00:00,2334.08,PGE
2018-04-10 16:00:00,2466.3,PGE
2018-04-10 17:00:00,2513.1,PGE
2018-04-10 18:00:00,2499.04,PGE
2018-04-10 19:00:00,2463.3,PGE
2018-04-10 20:00:00,2455.04,PGE
2018-04-10 21:00:00,2446.42,PGE
2018-04-10 22:00:00,2404.06,PGE
2018-04-10 23:00:00,2358.67,PGE
2018-04-11 00:00:00,2353.03,PGE
2018-04-11 01:00:00,2340.8,PGE
2018-04-11 02:00:00,2378.25,PGE
2018-04-11 03:00:00,2406.55,PGE
2018-04-11 04:00:00,2448.2,PGE
2018-04-11 05:00:00,2333.39,PGE
2018-04-11 06:00:00,2164.98,PGE
2018-04-11 07:00:00,2008.63,PGE
2018-04-11 08:00:00,1867.42,PGE
2018-04-11 09:00:00,1771.59,PGE
2018-04-11 10:00:00,1727.37,PGE
2018-04-11 11:00:00,1725.32,PGE
2018-04-11 12:00:00,1827.39,PGE
2018-04-11 13:00:00,1993.98,PGE
2018-04-11 14:00:00,2266.31,PGE
2018-04-11 15:00:00,2496.52,PGE
2018-04-11 16:00:00,2540.44,PGE
2018-04-11 17:00:00,2500.39,PGE
2018-04-11 18:00:00,2464.1,PGE
2018-04-11 19:00:00,2471.76,PGE
2018-04-11 20:00:00,2488.65,PGE
2018-04-11 21:00:00,2503.89,PGE
2018-04-11 22:00:00,2517.69,PGE
2018-04-11 23:00:00,2566.13,PGE
2018-04-12 00:00:00,2449.11,PGE
2018-04-12 01:00:00,2526.2,PGE
2018-04-12 02:00:00,2570.59,PGE
2018-04-12 03:00:00,2640.04,PGE
2018-04-12 04:00:00,2638.81,PGE
2018-04-12 05:00:00,2471.55,PGE
2018-04-12 06:00:00,2291.61,PGE
2018-04-12 07:00:00,2127.46,PGE
2018-04-12 08:00:00,1994.38,PGE
2018-04-12 09:00:00,1890.26,PGE
2018-04-12 10:00:00,1834.58,PGE
2018-04-12 11:00:00,1823.34,PGE
2018-04-12 12:00:00,1936.78,PGE
2018-04-12 13:00:00,2139.48,PGE
2018-04-12 14:00:00,2388.85,PGE
2018-04-12 15:00:00,2686.81,PGE
2018-04-12 16:00:00,2814.23,PGE
2018-04-12 17:00:00,2796.31,PGE
2018-04-12 18:00:00,2726.22,PGE
2018-04-12 19:00:00,2688.21,PGE
2018-04-12 20:00:00,2657.93,PGE
2018-04-12 21:00:00,2640.21,PGE
2018-04-12 22:00:00,2608.31,PGE
2018-04-12 23:00:00,2594.63,PGE
2018-04-13 00:00:00,2468.37,PGE
2018-04-13 01:00:00,2453.82,PGE
2018-04-13 02:00:00,2478.82,PGE
2018-04-13 03:00:00,2572.41,PGE
2018-04-13 04:00:00,2656.74,PGE
2018-04-13 05:00:00,2510.21,PGE
2018-04-13 06:00:00,2327.8,PGE
2018-04-13 07:00:00,2139.15,PGE
2018-04-13 08:00:00,1982.69,PGE
2018-04-13 09:00:00,1884.54,PGE
2018-04-13 10:00:00,1838.03,PGE
2018-04-13 11:00:00,1846.37,PGE
2018-04-13 12:00:00,1961.21,PGE
2018-04-13 13:00:00,2121.18,PGE
2018-04-13 14:00:00,2331.38,PGE
2018-04-13 15:00:00,2552.29,PGE
2018-04-13 16:00:00,2715.53,PGE
2018-04-13 17:00:00,2728.97,PGE
2018-04-13 18:00:00,2716.61,PGE
2018-04-13 19:00:00,2704.43,PGE
2018-04-13 20:00:00,2678.65,PGE
2018-04-13 21:00:00,2649.01,PGE
2018-04-13 22:00:00,2628.78,PGE
2018-04-13 23:00:00,2615.39,PGE
2018-04-14 00:00:00,2372.89,PGE
2018-04-14 01:00:00,2359.71,PGE
2018-04-14 02:00:00,2339.82,PGE
2018-04-14 03:00:00,2392.33,PGE
2018-04-14 04:00:00,2387.81,PGE
2018-04-14 05:00:00,2272.02,PGE
2018-04-14 06:00:00,2137.69,PGE
2018-04-14 07:00:00,2001.01,PGE
2018-04-14 08:00:00,1871.76,PGE
2018-04-14 09:00:00,1775.34,PGE
2018-04-14 10:00:00,1726.4,PGE
2018-04-14 11:00:00,1711.19,PGE
2018-04-14 12:00:00,1731.64,PGE
2018-04-14 13:00:00,1796.18,PGE
2018-04-14 14:00:00,1927.11,PGE
2018-04-14 15:00:00,2115.46,PGE
2018-04-14 16:00:00,2245.43,PGE
2018-04-14 17:00:00,2303.21,PGE
2018-04-14 18:00:00,2318.55,PGE
2018-04-14 19:00:00,2327.05,PGE
2018-04-14 20:00:00,2315.54,PGE
2018-04-14 21:00:00,2282.75,PGE
2018-04-14 22:00:00,2221.42,PGE
2018-04-14 23:00:00,2150.39,PGE
2018-04-15 00:00:00,2227.32,PGE
2018-04-15 01:00:00,2221.52,PGE
2018-04-15 02:00:00,2250.02,PGE
2018-04-15 03:00:00,2338.22,PGE
2018-04-15 04:00:00,2358.0,PGE
2018-04-15 05:00:00,2256.62,PGE
2018-04-15 06:00:00,2142.6,PGE
2018-04-15 07:00:00,2015.81,PGE
2018-04-15 08:00:00,1893.63,PGE
2018-04-15 09:00:00,1782.66,PGE
2018-04-15 10:00:00,1729.16,PGE
2018-04-15 11:00:00,1698.4,PGE
2018-04-15 12:00:00,1697.03,PGE
2018-04-15 13:00:00,1741.14,PGE
2018-04-15 14:00:00,1857.73,PGE
2018-04-15 15:00:00,1989.45,PGE
2018-04-15 16:00:00,2141.52,PGE
2018-04-15 17:00:00,2217.3,PGE
2018-04-15 18:00:00,2294.09,PGE
2018-04-15 19:00:00,2330.07,PGE
2018-04-15 20:00:00,2332.1,PGE
2018-04-15 21:00:00,2336.62,PGE
2018-04-15 22:00:00,2329.29,PGE
2018-04-15 23:00:00,2314.04,PGE
2018-04-16 00:00:00,2365.45,PGE
2018-04-16 01:00:00,2416.95,PGE
2018-04-16 02:00:00,2516.03,PGE
2018-04-16 03:00:00,2554.79,PGE
2018-04-16 04:00:00,2588.95,PGE
2018-04-16 05:00:00,2557.06,PGE
2018-04-16 06:00:00,2390.54,PGE
2018-04-16 07:00:00,2222.25,PGE
2018-04-16 08:00:00,2082.47,PGE
2018-04-16 09:00:00,1953.98,PGE
2018-04-16 10:00:00,1878.45,PGE
2018-04-16 11:00:00,1872.68,PGE
2018-04-16 12:00:00,1997.91,PGE
2018-04-16 13:00:00,2172.33,PGE
2018-04-16 14:00:00,2401.0,PGE
2018-04-16 15:00:00,2677.47,PGE
2018-04-16 16:00:00,2771.92,PGE
2018-04-16 17:00:00,2731.21,PGE
2018-04-16 18:00:00,2706.45,PGE
2018-04-16 19:00:00,2671.06,PGE
2018-04-16 20:00:00,2636.51,PGE
2018-04-16 21:00:00,2615.99,PGE
2018-04-16 22:00:00,2572.49,PGE
2018-04-16 23:00:00,2542.36,PGE
2018-04-17 00:00:00,2456.74,PGE
2018-04-17 01:00:00,2433.49,PGE
2018-04-17 02:00:00,2482.91,PGE
2018-04-17 03:00:00,2583.44,PGE
2018-04-17 04:00:00,2600.81,PGE
2018-04-17 05:00:00,2449.35,PGE
2018-04-17 06:00:00,2269.2,PGE
2018-04-17 07:00:00,2103.85,PGE
2018-04-17 08:00:00,1959.51,PGE
2018-04-17 09:00:00,1858.98,PGE
2018-04-17 10:00:00,1830.31,PGE
2018-04-17 11:00:00,1831.86,PGE
2018-04-17 12:00:00,1969.31,PGE
2018-04-17 13:00:00,2148.17,PGE
2018-04-17 14:00:00,2460.34,PGE
2018-04-17 15:00:00,2693.06,PGE
2018-04-17 16:00:00,2692.49,PGE
2018-04-17 17:00:00,2630.96,PGE
2018-04-17 18:00:00,2590.12,PGE
2018-04-17 19:00:00,2573.75,PGE
2018-04-17 20:00:00,2549.4,PGE
2018-04-17 21:00:00,2525.83,PGE
2018-04-17 22:00:00,2484.64,PGE
2018-04-17 23:00:00,2431.99,PGE
2018-04-18 00:00:00,2425.82,PGE
2018-04-18 01:00:00,2405.16,PGE
2018-04-18 02:00:00,2454.64,PGE
2018-04-18 03:00:00,2552.15,PGE
2018-04-18 04:00:00,2539.8,PGE
2018-04-18 05:00:00,2381.38,PGE
2018-04-18 06:00:00,2217.95,PGE
2018-04-18 07:00:00,2047.55,PGE
2018-04-18 08:00:00,1901.36,PGE
2018-04-18 09:00:00,1814.45,PGE
2018-04-18 10:00:00,1794.12,PGE
2018-04-18 11:00:00,1816.48,PGE
2018-04-18 12:00:00,1950.03,PGE
2018-04-18 13:00:00,2107.12,PGE
2018-04-18 14:00:00,2369.0,PGE
2018-04-18 15:00:00,2591.72,PGE
2018-04-18 16:00:00,2610.08,PGE
2018-04-18 17:00:00,2577.19,PGE
2018-04-18 18:00:00,2542.24,PGE
2018-04-18 19:00:00,2520.44,PGE
2018-04-18 20:00:00,2496.58,PGE
2018-04-18 21:00:00,2455.49,PGE
2018-04-18 22:00:00,2406.18,PGE
2018-04-18 23:00:00,2362.22,PGE
2018-04-19 00:00:00,2313.47,PGE
2018-04-19 01:00:00,2299.56,PGE
2018-04-19 02:00:00,2366.91,PGE
2018-04-19 03:00:00,2417.19,PGE
2018-04-19 04:00:00,2450.98,PGE
2018-04-19 05:00:00,2330.31,PGE
2018-04-19 06:00:00,2159.24,PGE
2018-04-19 07:00:00,2012.26,PGE
2018-04-19 08:00:00,1870.68,PGE
2018-04-19 09:00:00,1775.1,PGE
2018-04-19 10:00:00,1749.39,PGE
2018-04-19 11:00:00,1758.1,PGE
2018-04-19 12:00:00,1868.16,PGE
2018-04-19 13:00:00,2035.47,PGE
2018-04-19 14:00:00,2370.5,PGE
2018-04-19 15:00:00,2476.93,PGE
2018-04-19 16:00:00,2519.18,PGE
2018-04-19 17:00:00,2482.18,PGE
2018-04-19 18:00:00,2450.09,PGE
2018-04-19 19:00:00,2408.24,PGE
2018-04-19 20:00:00,2385.59,PGE
2018-04-19 21:00:00,2368.14,PGE
2018-04-19 22:00:00,2342.33,PGE
2018-04-19 23:00:00,2287.71,PGE
2018-04-20 00:00:00,2358.4,PGE
2018-04-20 01:00:00,2328.29,PGE
2018-04-20 02:00:00,2293.43,PGE
2018-04-20 03:00:00,2344.3,PGE
2018-04-20 04:00:00,2386.49,PGE
2018-04-20 05:00:00,2251.68,PGE
2018-04-20 06:00:00,2096.04,PGE
2018-04-20 07:00:00,1948.79,PGE
2018-04-20 08:00:00,1810.95,PGE
2018-04-20 09:00:00,1722.27,PGE
2018-04-20 10:00:00,1698.99,PGE
2018-04-20 11:00:00,1713.32,PGE
2018-04-20 12:00:00,1810.5,PGE
2018-04-20 13:00:00,1981.93,PGE
2018-04-20 14:00:00,2339.28,PGE
2018-04-20 15:00:00,2478.74,PGE
2018-04-20 16:00:00,2510.29,PGE
2018-04-20 17:00:00,2474.93,PGE
2018-04-20 18:00:00,2436.56,PGE
2018-04-20 19:00:00,2395.39,PGE
2018-04-20 20:00:00,2372.28,PGE
2018-04-20 21:00:00,2351.97,PGE
2018-04-20 22:00:00,2332.0,PGE
2018-04-20 23:00:00,2291.2,PGE
2018-04-21 00:00:00,2210.52,PGE
2018-04-21 01:00:00,2182.75,PGE
2018-04-21 02:00:00,2195.0,PGE
2018-04-21 03:00:00,2277.24,PGE
2018-04-21 04:00:00,2325.62,PGE
2018-04-21 05:00:00,2213.4,PGE
2018-04-21 06:00:00,2087.44,PGE
2018-04-21 07:00:00,1964.0,PGE
2018-04-21 08:00:00,1862.83,PGE
2018-04-21 09:00:00,1785.06,PGE
2018-04-21 10:00:00,1742.57,PGE
2018-04-21 11:00:00,1706.18,PGE
2018-04-21 12:00:00,1701.81,PGE
2018-04-21 13:00:00,1763.87,PGE
2018-04-21 14:00:00,1910.71,PGE
2018-04-21 15:00:00,2138.27,PGE
2018-04-21 16:00:00,2249.9,PGE
2018-04-21 17:00:00,2318.1,PGE
2018-04-21 18:00:00,2316.06,PGE
2018-04-21 19:00:00,2314.71,PGE
2018-04-21 20:00:00,2288.11,PGE
2018-04-21 21:00:00,2252.83,PGE
2018-04-21 22:00:00,2202.13,PGE
2018-04-21 23:00:00,2145.22,PGE
2018-04-22 00:00:00,2234.72,PGE
2018-04-22 01:00:00,2182.07,PGE
2018-04-22 02:00:00,2156.66,PGE
2018-04-22 03:00:00,2237.39,PGE
2018-04-22 04:00:00,2290.48,PGE
2018-04-22 05:00:00,2199.89,PGE
2018-04-22 06:00:00,2104.23,PGE
2018-04-22 07:00:00,1970.6,PGE
2018-04-22 08:00:00,1861.93,PGE
2018-04-22 09:00:00,1782.05,PGE
2018-04-22 10:00:00,1745.18,PGE
2018-04-22 11:00:00,1746.43,PGE
2018-04-22 12:00:00,1772.84,PGE
2018-04-22 13:00:00,1830.91,PGE
2018-04-22 14:00:00,2107.9,PGE
2018-04-22 15:00:00,2212.08,PGE
2018-04-22 16:00:00,2291.76,PGE
2018-04-22 17:00:00,2312.34,PGE
2018-04-22 18:00:00,2280.82,PGE
2018-04-22 19:00:00,2261.96,PGE
2018-04-22 20:00:00,2243.84,PGE
2018-04-22 21:00:00,2207.53,PGE
2018-04-22 22:00:00,2155.15,PGE
2018-04-22 23:00:00,2091.51,PGE
2018-04-23 00:00:00,2371.38,PGE
2018-04-23 01:00:00,2322.22,PGE
2018-04-23 02:00:00,2274.74,PGE
2018-04-23 03:00:00,2343.16,PGE
2018-04-23 04:00:00,2402.39,PGE
2018-04-23 05:00:00,2262.58,PGE
2018-04-23 06:00:00,2100.1,PGE
2018-04-23 07:00:00,1959.09,PGE
2018-04-23 08:00:00,1827.58,PGE
2018-04-23 09:00:00,1740.97,PGE
2018-04-23 10:00:00,1710.55,PGE
2018-04-23 11:00:00,1717.18,PGE
2018-04-23 12:00:00,1805.73,PGE
2018-04-23 13:00:00,1970.24,PGE
2018-04-23 14:00:00,2338.01,PGE
2018-04-23 15:00:00,2457.98,PGE
2018-04-23 16:00:00,2428.21,PGE
2018-04-23 17:00:00,2395.07,PGE
2018-04-23 18:00:00,2380.9,PGE
2018-04-23 19:00:00,2380.27,PGE
2018-04-23 20:00:00,2367.73,PGE
2018-04-23 21:00:00,2343.94,PGE
2018-04-23 22:00:00,2312.09,PGE
2018-04-23 23:00:00,2266.97,PGE
2018-04-24 00:00:00,2368.99,PGE
2018-04-24 01:00:00,2292.22,PGE
2018-04-24 02:00:00,2228.76,PGE
2018-04-24 03:00:00,2219.47,PGE
2018-04-24 04:00:00,2247.01,PGE
2018-04-24 05:00:00,2154.21,PGE
2018-04-24 06:00:00,2006.77,PGE
2018-04-24 07:00:00,1865.31,PGE
2018-04-24 08:00:00,1728.2,PGE
2018-04-24 09:00:00,1616.42,PGE
2018-04-24 10:00:00,1576.48,PGE
2018-04-24 11:00:00,1583.35,PGE
2018-04-24 12:00:00,1656.51,PGE
2018-04-24 13:00:00,1774.41,PGE
2018-04-24 14:00:00,2186.06,PGE
2018-04-24 15:00:00,2332.47,PGE
2018-04-24 16:00:00,2364.48,PGE
2018-04-24 17:00:00,2400.97,PGE
2018-04-24 18:00:00,2425.4,PGE
2018-04-24 19:00:00,2443.55,PGE
2018-04-24 20:00:00,2463.27,PGE
2018-04-24 21:00:00,2462.83,PGE
2018-04-24 22:00:00,2446.77,PGE
2018-04-24 23:00:00,2429.99,PGE
2018-04-25 00:00:00,2578.25,PGE
2018-04-25 01:00:00,2563.37,PGE
2018-04-25 02:00:00,2466.81,PGE
2018-04-25 03:00:00,2412.6,PGE
2018-04-25 04:00:00,2389.69,PGE
2018-04-25 05:00:00,2269.71,PGE
2018-04-25 06:00:00,2087.68,PGE
2018-04-25 07:00:00,1930.17,PGE
2018-04-25 08:00:00,1772.17,PGE
2018-04-25 09:00:00,1642.93,PGE
2018-04-25 10:00:00,1586.31,PGE
2018-04-25 11:00:00,1586.44,PGE
2018-04-25 12:00:00,1656.62,PGE
2018-04-25 13:00:00,1792.38,PGE
2018-04-25 14:00:00,2101.72,PGE
2018-04-25 15:00:00,2237.57,PGE
2018-04-25 16:00:00,2290.92,PGE
2018-04-25 17:00:00,2325.3,PGE
2018-04-25 18:00:00,2382.66,PGE
2018-04-25 19:00:00,2445.23,PGE
2018-04-25 20:00:00,2487.82,PGE
2018-04-25 21:00:00,2534.23,PGE
2018-04-25 22:00:00,2564.02,PGE
2018-04-25 23:00:00,2584.54,PGE
2018-04-26 00:00:00,2664.29,PGE
2018-04-26 01:00:00,2731.07,PGE
2018-04-26 02:00:00,2724.66,PGE
2018-04-26 03:00:00,2638.67,PGE
2018-04-26 04:00:00,2539.51,PGE
2018-04-26 05:00:00,2412.02,PGE
2018-04-26 06:00:00,2187.97,PGE
2018-04-26 07:00:00,2006.44,PGE
2018-04-26 08:00:00,1838.33,PGE
2018-04-26 09:00:00,1704.89,PGE
2018-04-26 10:00:00,1634.48,PGE
2018-04-26 11:00:00,1612.72,PGE
2018-04-26 12:00:00,1661.24,PGE
2018-04-26 13:00:00,1765.57,PGE
2018-04-26 14:00:00,2105.65,PGE
2018-04-26 15:00:00,2246.36,PGE
2018-04-26 16:00:00,2319.88,PGE
2018-04-26 17:00:00,2367.87,PGE
2018-04-26 18:00:00,2435.98,PGE
2018-04-26 19:00:00,2503.16,PGE
2018-04-26 20:00:00,2564.72,PGE
2018-04-26 21:00:00,2621.98,PGE
2018-04-26 22:00:00,2655.13,PGE
2018-04-26 23:00:00,2684.77,PGE
2018-04-27 00:00:00,2749.98,PGE
2018-04-27 01:00:00,2690.32,PGE
2018-04-27 02:00:00,2626.21,PGE
2018-04-27 03:00:00,2537.32,PGE
2018-04-27 04:00:00,2450.63,PGE
2018-04-27 05:00:00,2347.58,PGE
2018-04-27 06:00:00,2141.97,PGE
2018-04-27 07:00:00,1968.49,PGE
2018-04-27 08:00:00,1803.59,PGE
2018-04-27 09:00:00,1685.22,PGE
2018-04-27 10:00:00,1638.91,PGE
2018-04-27 11:00:00,1642.33,PGE
2018-04-27 12:00:00,1709.43,PGE
2018-04-27 13:00:00,1853.22,PGE
2018-04-27 14:00:00,2114.8,PGE
2018-04-27 15:00:00,2321.91,PGE
2018-04-27 16:00:00,2422.56,PGE
2018-04-27 17:00:00,2467.63,PGE
2018-04-27 18:00:00,2484.27,PGE
2018-04-27 19:00:00,2473.99,PGE
2018-04-27 20:00:00,2487.79,PGE
2018-04-27 21:00:00,2509.65,PGE
2018-04-27 22:00:00,2516.05,PGE
2018-04-27 23:00:00,2531.74,PGE
2018-04-28 00:00:00,2289.41,PGE
2018-04-28 01:00:00,2297.91,PGE
2018-04-28 02:00:00,2298.64,PGE
2018-04-28 03:00:00,2330.8,PGE
2018-04-28 04:00:00,2282.17,PGE
2018-04-28 05:00:00,2157.56,PGE
2018-04-28 06:00:00,2031.79,PGE
2018-04-28 07:00:00,1901.28,PGE
2018-04-28 08:00:00,1776.5,PGE
2018-04-28 09:00:00,1674.7,PGE
2018-04-28 10:00:00,1617.56,PGE
2018-04-28 11:00:00,1609.13,PGE
2018-04-28 12:00:00,1637.26,PGE
2018-04-28 13:00:00,1696.48,PGE
2018-04-28 14:00:00,1871.27,PGE
2018-04-28 15:00:00,2025.89,PGE
2018-04-28 16:00:00,2134.77,PGE
2018-04-28 17:00:00,2228.56,PGE
2018-04-28 18:00:00,2245.48,PGE
2018-04-28 19:00:00,2255.84,PGE
2018-04-28 20:00:00,2240.52,PGE
2018-04-28 21:00:00,2198.97,PGE
2018-04-28 22:00:00,2176.1,PGE
2018-04-28 23:00:00,2183.67,PGE
2018-04-29 00:00:00,2155.22,PGE
2018-04-29 01:00:00,2205.33,PGE
2018-04-29 02:00:00,2222.22,PGE
2018-04-29 03:00:00,2263.66,PGE
2018-04-29 04:00:00,2294.77,PGE
2018-04-29 05:00:00,2203.71,PGE
2018-04-29 06:00:00,2073.25,PGE
2018-04-29 07:00:00,1929.61,PGE
2018-04-29 08:00:00,1797.2,PGE
2018-04-29 09:00:00,1708.01,PGE
2018-04-29 10:00:00,1648.86,PGE
2018-04-29 11:00:00,1634.35,PGE
2018-04-29 12:00:00,1654.97,PGE
2018-04-29 13:00:00,1702.26,PGE
2018-04-29 14:00:00,1889.92,PGE
2018-04-29 15:00:00,2020.63,PGE
2018-04-29 16:00:00,2104.44,PGE
2018-04-29 17:00:00,2201.69,PGE
2018-04-29 18:00:00,2238.89,PGE
2018-04-29 19:00:00,2269.24,PGE
2018-04-29 20:00:00,2273.43,PGE
2018-04-29 21:00:00,2255.17,PGE
2018-04-29 22:00:00,2222.01,PGE
2018-04-29 23:00:00,2189.14,PGE
2018-04-30 00:00:00,2383.74,PGE
2018-04-30 01:00:00,2374.85,PGE
2018-04-30 02:00:00,2418.29,PGE
2018-04-30 03:00:00,2513.08,PGE
2018-04-30 04:00:00,2526.86,PGE
2018-04-30 05:00:00,2370.31,PGE
2018-04-30 06:00:00,2180.23,PGE
2018-04-30 07:00:00,2000.66,PGE
2018-04-30 08:00:00,1844.6,PGE
2018-04-30 09:00:00,1756.04,PGE
2018-04-30 10:00:00,1726.55,PGE
2018-04-30 11:00:00,1728.68,PGE
2018-04-30 12:00:00,1836.99,PGE
2018-04-30 13:00:00,2002.56,PGE
2018-04-30 14:00:00,2285.38,PGE
2018-04-30 15:00:00,2501.73,PGE
2018-04-30 16:00:00,2569.38,PGE
2018-04-30 17:00:00,2586.54,PGE
2018-04-30 18:00:00,2564.82,PGE
2018-04-30 19:00:00,2558.02,PGE
2018-04-30 20:00:00,2560.51,PGE
2018-04-30 21:00:00,2559.88,PGE
2018-04-30 22:00:00,2564.4,PGE
2018-04-30 23:00:00,2571.21,PGE
2018-05-01 00:00:00,2423.84,PGE
2018-05-01 01:00:00,2450.76,PGE
2018-05-01 02:00:00,2475.39,PGE
2018-05-01 03:00:00,2481.74,PGE
2018-05-01 04:00:00,2440.42,PGE
2018-05-01 05:00:00,2270.26,PGE
2018-05-01 06:00:00,2082.23,PGE
2018-05-01 07:00:00,1899.14,PGE
2018-05-01 08:00:00,1745.28,PGE
2018-05-01 09:00:00,1656.26,PGE
2018-05-01 10:00:00,1644.5,PGE
2018-05-01 11:00:00,1651.39,PGE
2018-05-01 12:00:00,1756.59,PGE
2018-05-01 13:00:00,1936.2,PGE
2018-05-01 14:00:00,2236.84,PGE
2018-05-01 15:00:00,2368.02,PGE
2018-05-01 16:00:00,2413.3,PGE
2018-05-01 17:00:00,2442.1,PGE
2018-05-01 18:00:00,2413.71,PGE
2018-05-01 19:00:00,2386.2,PGE
2018-05-01 20:00:00,2366.03,PGE
2018-05-01 21:00:00,2335.32,PGE
2018-05-01 22:00:00,2306.23,PGE
2018-05-01 23:00:00,2266.12,PGE
2018-05-02 00:00:00,2323.61,PGE
2018-05-02 01:00:00,2312.96,PGE
2018-05-02 02:00:00,2272.73,PGE
2018-05-02 03:00:00,2290.89,PGE
2018-05-02 04:00:00,2323.01,PGE
2018-05-02 05:00:00,2209.34,PGE
2018-05-02 06:00:00,2051.88,PGE
2018-05-02 07:00:00,1897.6,PGE
2018-05-02 08:00:00,1754.5,PGE
2018-05-02 09:00:00,1661.14,PGE
2018-05-02 10:00:00,1628.31,PGE
2018-05-02 11:00:00,1631.33,PGE
2018-05-02 12:00:00,1714.03,PGE
2018-05-02 13:00:00,1872.04,PGE
2018-05-02 14:00:00,2202.15,PGE
2018-05-02 15:00:00,2300.8,PGE
2018-05-02 16:00:00,2341.99,PGE
2018-05-02 17:00:00,2372.88,PGE
2018-05-02 18:00:00,2360.64,PGE
2018-05-02 19:00:00,2360.93,PGE
2018-05-02 20:00:00,2373.37,PGE
2018-05-02 21:00:00,2381.5,PGE
2018-05-02 22:00:00,2382.34,PGE
2018-05-02 23:00:00,2366.34,PGE
2018-05-03 00:00:00,2389.55,PGE
2018-05-03 01:00:00,2380.48,PGE
2018-05-03 02:00:00,2402.7,PGE
2018-05-03 03:00:00,2419.62,PGE
2018-05-03 04:00:00,2370.62,PGE
2018-05-03 05:00:00,2262.57,PGE
2018-05-03 06:00:00,2069.71,PGE
2018-05-03 07:00:00,1907.89,PGE
2018-05-03 08:00:00,1748.71,PGE
2018-05-03 09:00:00,1626.71,PGE
2018-05-03 10:00:00,1578.31,PGE
2018-05-03 11:00:00,1574.4,PGE
2018-05-03 12:00:00,1643.28,PGE
2018-05-03 13:00:00,1778.28,PGE
2018-05-03 14:00:00,2090.57,PGE
2018-05-03 15:00:00,2237.91,PGE
2018-05-03 16:00:00,2301.13,PGE
2018-05-03 17:00:00,2347.86,PGE
2018-05-03 18:00:00,2405.66,PGE
2018-05-03 19:00:00,2445.82,PGE
2018-05-03 20:00:00,2492.16,PGE
2018-05-03 21:00:00,2526.18,PGE
2018-05-03 22:00:00,2538.7,PGE
2018-05-03 23:00:00,2494.99,PGE
2018-05-04 00:00:00,2448.01,PGE
2018-05-04 01:00:00,2392.3,PGE
2018-05-04 02:00:00,2346.25,PGE
2018-05-04 03:00:00,2342.02,PGE
2018-05-04 04:00:00,2334.24,PGE
2018-05-04 05:00:00,2241.42,PGE
2018-05-04 06:00:00,2067.62,PGE
2018-05-04 07:00:00,1906.34,PGE
2018-05-04 08:00:00,1746.88,PGE
2018-05-04 09:00:00,1631.95,PGE
2018-05-04 10:00:00,1594.43,PGE
2018-05-04 11:00:00,1584.43,PGE
2018-05-04 12:00:00,1669.88,PGE
2018-05-04 13:00:00,1849.69,PGE
2018-05-04 14:00:00,2126.62,PGE
2018-05-04 15:00:00,2263.24,PGE
2018-05-04 16:00:00,2332.39,PGE
2018-05-04 17:00:00,2380.18,PGE
2018-05-04 18:00:00,2392.84,PGE
2018-05-04 19:00:00,2390.22,PGE
2018-05-04 20:00:00,2396.66,PGE
2018-05-04 21:00:00,2398.94,PGE
2018-05-04 22:00:00,2388.83,PGE
2018-05-04 23:00:00,2377.37,PGE
2018-05-05 00:00:00,2248.4,PGE
2018-05-05 01:00:00,2256.0,PGE
2018-05-05 02:00:00,2283.31,PGE
2018-05-05 03:00:00,2283.83,PGE
2018-05-05 04:00:00,2256.89,PGE
2018-05-05 05:00:00,2165.67,PGE
2018-05-05 06:00:00,2034.93,PGE
2018-05-05 07:00:00,1877.65,PGE
2018-05-05 08:00:00,1733.24,PGE
2018-05-05 09:00:00,1632.58,PGE
2018-05-05 10:00:00,1569.13,PGE
2018-05-05 11:00:00,1548.39,PGE
2018-05-05 12:00:00,1551.33,PGE
2018-05-05 13:00:00,1573.87,PGE
2018-05-05 14:00:00,1713.69,PGE
2018-05-05 15:00:00,1854.35,PGE
2018-05-05 16:00:00,1937.72,PGE
2018-05-05 17:00:00,2019.98,PGE
2018-05-05 18:00:00,2097.86,PGE
2018-05-05 19:00:00,2209.01,PGE
2018-05-05 20:00:00,2258.61,PGE
2018-05-05 21:00:00,2298.73,PGE
2018-05-05 22:00:00,2328.91,PGE
2018-05-05 23:00:00,2332.81,PGE
2018-05-06 00:00:00,2574.16,PGE
2018-05-06 01:00:00,2611.82,PGE
2018-05-06 02:00:00,2621.85,PGE
2018-05-06 03:00:00,2588.93,PGE
2018-05-06 04:00:00,2515.1,PGE
2018-05-06 05:00:00,2432.79,PGE
2018-05-06 06:00:00,2253.47,PGE
2018-05-06 07:00:00,2055.87,PGE
2018-05-06 08:00:00,1892.98,PGE
2018-05-06 09:00:00,1775.55,PGE
2018-05-06 10:00:00,1674.48,PGE
2018-05-06 11:00:00,1628.92,PGE
2018-05-06 12:00:00,1626.92,PGE
2018-05-06 13:00:00,1645.69,PGE
2018-05-06 14:00:00,1762.3,PGE
2018-05-06 15:00:00,1849.24,PGE
2018-05-06 16:00:00,1937.54,PGE
2018-05-06 17:00:00,2007.05,PGE
2018-05-06 18:00:00,2074.68,PGE
2018-05-06 19:00:00,2101.76,PGE
2018-05-06 20:00:00,2133.69,PGE
2018-05-06 21:00:00,2150.48,PGE
2018-05-06 22:00:00,2160.88,PGE
2018-05-06 23:00:00,2168.64,PGE
2018-05-07 00:00:00,2352.55,PGE
2018-05-07 01:00:00,2384.23,PGE
2018-05-07 02:00:00,2415.21,PGE
2018-05-07 03:00:00,2419.7,PGE
2018-05-07 04:00:00,2389.31,PGE
2018-05-07 05:00:00,2305.25,PGE
2018-05-07 06:00:00,2121.73,PGE
2018-05-07 07:00:00,1949.0,PGE
2018-05-07 08:00:00,1773.79,PGE
2018-05-07 09:00:00,1665.06,PGE
2018-05-07 10:00:00,1607.99,PGE
2018-05-07 11:00:00,1581.02,PGE
2018-05-07 12:00:00,1647.79,PGE
2018-05-07 13:00:00,1788.82,PGE
2018-05-07 14:00:00,2044.37,PGE
2018-05-07 15:00:00,2205.72,PGE
2018-05-07 16:00:00,2288.67,PGE
2018-05-07 17:00:00,2331.45,PGE
2018-05-07 18:00:00,2361.34,PGE
2018-05-07 19:00:00,2401.45,PGE
2018-05-07 20:00:00,2408.01,PGE
2018-05-07 21:00:00,2443.38,PGE
2018-05-07 22:00:00,2467.03,PGE
2018-05-07 23:00:00,2475.31,PGE
2018-05-08 00:00:00,2481.82,PGE
2018-05-08 01:00:00,2525.2,PGE
2018-05-08 02:00:00,2589.74,PGE
2018-05-08 03:00:00,2584.46,PGE
2018-05-08 04:00:00,2484.2,PGE
2018-05-08 05:00:00,2406.71,PGE
2018-05-08 06:00:00,2201.12,PGE
2018-05-08 07:00:00,2006.72,PGE
2018-05-08 08:00:00,1828.87,PGE
2018-05-08 09:00:00,1701.67,PGE
2018-05-08 10:00:00,1626.98,PGE
2018-05-08 11:00:00,1613.37,PGE
2018-05-08 12:00:00,1666.31,PGE
2018-05-08 13:00:00,1789.87,PGE
2018-05-08 14:00:00,2080.91,PGE
2018-05-08 15:00:00,2210.03,PGE
2018-05-08 16:00:00,2296.92,PGE
2018-05-08 17:00:00,2376.55,PGE
2018-05-08 18:00:00,2451.52,PGE
2018-05-08 19:00:00,2535.96,PGE
2018-05-08 20:00:00,2640.43,PGE
2018-05-08 21:00:00,2700.68,PGE
2018-05-08 22:00:00,2686.06,PGE
2018-05-08 23:00:00,2629.08,PGE
2018-05-09 00:00:00,2522.56,PGE
2018-05-09 01:00:00,2443.43,PGE
2018-05-09 02:00:00,2448.56,PGE
2018-05-09 03:00:00,2490.96,PGE
2018-05-09 04:00:00,2441.61,PGE
2018-05-09 05:00:00,2350.5,PGE
2018-05-09 06:00:00,2170.59,PGE
2018-05-09 07:00:00,1994.99,PGE
2018-05-09 08:00:00,1822.85,PGE
2018-05-09 09:00:00,1710.38,PGE
2018-05-09 10:00:00,1648.4,PGE
2018-05-09 11:00:00,1616.19,PGE
2018-05-09 12:00:00,1663.89,PGE
2018-05-09 13:00:00,1793.19,PGE
2018-05-09 14:00:00,2071.57,PGE
2018-05-09 15:00:00,2270.22,PGE
2018-05-09 16:00:00,2339.09,PGE
2018-05-09 17:00:00,2391.66,PGE
2018-05-09 18:00:00,2435.07,PGE
2018-05-09 19:00:00,2445.05,PGE
2018-05-09 20:00:00,2430.75,PGE
2018-05-09 21:00:00,2411.05,PGE
2018-05-09 22:00:00,2391.29,PGE
2018-05-09 23:00:00,2350.8,PGE
2018-05-10 00:00:00,2363.94,PGE
2018-05-10 01:00:00,2346.65,PGE
2018-05-10 02:00:00,2310.86,PGE
2018-05-10 03:00:00,2364.92,PGE
2018-05-10 04:00:00,2363.06,PGE
2018-05-10 05:00:00,2229.64,PGE
2018-05-10 06:00:00,2054.74,PGE
2018-05-10 07:00:00,1896.25,PGE
2018-05-10 08:00:00,1743.45,PGE
2018-05-10 09:00:00,1634.23,PGE
2018-05-10 10:00:00,1606.5,PGE
2018-05-10 11:00:00,1603.85,PGE
2018-05-10 12:00:00,1688.65,PGE
2018-05-10 13:00:00,1861.87,PGE
2018-05-10 14:00:00,2083.75,PGE
2018-05-10 15:00:00,2282.95,PGE
2018-05-10 16:00:00,2347.55,PGE
2018-05-10 17:00:00,2377.08,PGE
2018-05-10 18:00:00,2403.95,PGE
2018-05-10 19:00:00,2407.08,PGE
2018-05-10 20:00:00,2394.06,PGE
2018-05-10 21:00:00,2374.73,PGE
2018-05-10 22:00:00,2342.6,PGE
2018-05-10 23:00:00,2294.51,PGE
2018-05-11 00:00:00,2333.94,PGE
2018-05-11 01:00:00,2319.25,PGE
2018-05-11 02:00:00,2259.34,PGE
2018-05-11 03:00:00,2302.64,PGE
2018-05-11 04:00:00,2333.96,PGE
2018-05-11 05:00:00,2220.04,PGE
2018-05-11 06:00:00,2054.49,PGE
2018-05-11 07:00:00,1896.63,PGE
2018-05-11 08:00:00,1751.66,PGE
2018-05-11 09:00:00,1661.02,PGE
2018-05-11 10:00:00,1637.73,PGE
2018-05-11 11:00:00,1648.24,PGE
2018-05-11 12:00:00,1755.63,PGE
2018-05-11 13:00:00,1936.66,PGE
2018-05-11 14:00:00,2269.07,PGE
2018-05-11 15:00:00,2369.15,PGE
2018-05-11 16:00:00,2418.15,PGE
2018-05-11 17:00:00,2433.05,PGE
2018-05-11 18:00:00,2417.24,PGE
2018-05-11 19:00:00,2390.8,PGE
2018-05-11 20:00:00,2383.71,PGE
2018-05-11 21:00:00,2371.65,PGE
2018-05-11 22:00:00,2370.33,PGE
2018-05-11 23:00:00,2340.55,PGE
2018-05-12 00:00:00,2260.97,PGE
2018-05-12 01:00:00,2238.23,PGE
2018-05-12 02:00:00,2238.51,PGE
2018-05-12 03:00:00,2223.34,PGE
2018-05-12 04:00:00,2214.35,PGE
2018-05-12 05:00:00,2124.68,PGE
2018-05-12 06:00:00,1991.92,PGE
2018-05-12 07:00:00,1842.7,PGE
2018-05-12 08:00:00,1714.65,PGE
2018-05-12 09:00:00,1632.98,PGE
2018-05-12 10:00:00,1577.79,PGE
2018-05-12 11:00:00,1554.02,PGE
2018-05-12 12:00:00,1561.27,PGE
2018-05-12 13:00:00,1624.01,PGE
2018-05-12 14:00:00,1813.25,PGE
2018-05-12 15:00:00,1902.26,PGE
2018-05-12 16:00:00,2002.71,PGE
2018-05-12 17:00:00,2072.44,PGE
2018-05-12 18:00:00,2111.39,PGE
2018-05-12 19:00:00,2155.64,PGE
2018-05-12 20:00:00,2203.48,PGE
2018-05-12 21:00:00,2244.67,PGE
2018-05-12 22:00:00,2297.36,PGE
2018-05-12 23:00:00,2323.22,PGE
2018-05-13 00:00:00,2616.86,PGE
2018-05-13 01:00:00,2629.42,PGE
2018-05-13 02:00:00,2605.1,PGE
2018-05-13 03:00:00,2522.0,PGE
2018-05-13 04:00:00,2437.97,PGE
2018-05-13 05:00:00,2321.9,PGE
2018-05-13 06:00:00,2141.79,PGE
2018-05-13 07:00:00,1942.66,PGE
2018-05-13 08:00:00,1778.56,PGE
2018-05-13 09:00:00,1682.69,PGE
2018-05-13 10:00:00,1609.78,PGE
2018-05-13 11:00:00,1574.95,PGE
2018-05-13 12:00:00,1562.83,PGE
2018-05-13 13:00:00,1595.41,PGE
2018-05-13 14:00:00,1755.48,PGE
2018-05-13 15:00:00,1848.43,PGE
2018-05-13 16:00:00,1963.31,PGE
2018-05-13 17:00:00,2085.73,PGE
2018-05-13 18:00:00,2195.57,PGE
2018-05-13 19:00:00,2294.71,PGE
2018-05-13 20:00:00,2378.39,PGE
2018-05-13 21:00:00,2442.18,PGE
2018-05-13 22:00:00,2479.14,PGE
2018-05-13 23:00:00,2495.99,PGE
2018-05-14 00:00:00,2830.17,PGE
2018-05-14 01:00:00,2900.88,PGE
2018-05-14 02:00:00,2970.55,PGE
2018-05-14 03:00:00,2917.82,PGE
2018-05-14 04:00:00,2789.37,PGE
2018-05-14 05:00:00,2702.08,PGE
2018-05-14 06:00:00,2431.99,PGE
2018-05-14 07:00:00,2202.8,PGE
2018-05-14 08:00:00,2008.22,PGE
2018-05-14 09:00:00,1856.24,PGE
2018-05-14 10:00:00,1718.48,PGE
2018-05-14 11:00:00,1673.04,PGE
2018-05-14 12:00:00,1703.22,PGE
2018-05-14 13:00:00,1816.64,PGE
2018-05-14 14:00:00,2080.69,PGE
2018-05-14 15:00:00,2245.53,PGE
2018-05-14 16:00:00,2330.07,PGE
2018-05-14 17:00:00,2409.37,PGE
2018-05-14 18:00:00,2492.84,PGE
2018-05-14 19:00:00,2578.07,PGE
2018-05-14 20:00:00,2658.47,PGE
2018-05-14 21:00:00,2745.48,PGE
2018-05-14 22:00:00,2816.08,PGE
2018-05-14 23:00:00,2883.42,PGE
2018-05-15 00:00:00,2959.42,PGE
2018-05-15 01:00:00,2999.33,PGE
2018-05-15 02:00:00,2951.45,PGE
2018-05-15 03:00:00,2903.79,PGE
2018-05-15 04:00:00,2726.5,PGE
2018-05-15 05:00:00,2630.23,PGE
2018-05-15 06:00:00,2363.19,PGE
2018-05-15 07:00:00,2122.75,PGE
2018-05-15 08:00:00,1908.03,PGE
2018-05-15 09:00:00,1737.07,PGE
2018-05-15 10:00:00,1652.35,PGE
2018-05-15 11:00:00,1624.53,PGE
2018-05-15 12:00:00,1665.33,PGE
2018-05-15 13:00:00,1812.58,PGE
2018-05-15 14:00:00,2105.08,PGE
2018-05-15 15:00:00,2231.37,PGE
2018-05-15 16:00:00,2330.26,PGE
2018-05-15 17:00:00,2384.52,PGE
2018-05-15 18:00:00,2424.66,PGE
2018-05-15 19:00:00,2478.36,PGE
2018-05-15 20:00:00,2529.1,PGE
2018-05-15 21:00:00,2562.83,PGE
2018-05-15 22:00:00,2587.16,PGE
2018-05-15 23:00:00,2581.93,PGE
2018-05-16 00:00:00,2557.19,PGE
2018-05-16 01:00:00,2572.58,PGE
2018-05-16 02:00:00,2541.48,PGE
2018-05-16 03:00:00,2503.23,PGE
2018-05-16 04:00:00,2412.64,PGE
2018-05-16 05:00:00,2295.63,PGE
2018-05-16 06:00:00,2092.28,PGE
2018-05-16 07:00:00,1930.95,PGE
2018-05-16 08:00:00,1776.14,PGE
2018-05-16 09:00:00,1660.67,PGE
2018-05-16 10:00:00,1600.82,PGE
2018-05-16 11:00:00,1583.89,PGE
2018-05-16 12:00:00,1652.82,PGE
2018-05-16 13:00:00,1809.82,PGE
2018-05-16 14:00:00,2054.84,PGE
2018-05-16 15:00:00,2244.95,PGE
2018-05-16 16:00:00,2321.95,PGE
2018-05-16 17:00:00,2363.63,PGE
2018-05-16 18:00:00,2379.16,PGE
2018-05-16 19:00:00,2377.63,PGE
2018-05-16 20:00:00,2375.87,PGE
2018-05-16 21:00:00,2376.29,PGE
2018-05-16 22:00:00,2377.13,PGE
2018-05-16 23:00:00,2390.85,PGE
2018-05-17 00:00:00,2313.06,PGE
2018-05-17 01:00:00,2375.35,PGE
2018-05-17 02:00:00,2413.7,PGE
2018-05-17 03:00:00,2423.18,PGE
2018-05-17 04:00:00,2388.06,PGE
2018-05-17 05:00:00,2253.25,PGE
2018-05-17 06:00:00,2066.58,PGE
2018-05-17 07:00:00,1905.7,PGE
2018-05-17 08:00:00,1757.53,PGE
2018-05-17 09:00:00,1658.61,PGE
2018-05-17 10:00:00,1600.58,PGE
2018-05-17 11:00:00,1582.02,PGE
2018-05-17 12:00:00,1649.11,PGE
2018-05-17 13:00:00,1807.74,PGE
2018-05-17 14:00:00,2042.86,PGE
2018-05-17 15:00:00,2214.69,PGE
2018-05-17 16:00:00,2298.58,PGE
2018-05-17 17:00:00,2345.16,PGE
2018-05-17 18:00:00,2364.21,PGE
2018-05-17 19:00:00,2375.64,PGE
2018-05-17 20:00:00,2398.4,PGE
2018-05-17 21:00:00,2392.78,PGE
2018-05-17 22:00:00,2390.29,PGE
2018-05-17 23:00:00,2381.36,PGE
2018-05-18 00:00:00,2387.11,PGE
2018-05-18 01:00:00,2411.5,PGE
2018-05-18 02:00:00,2417.92,PGE
2018-05-18 03:00:00,2432.35,PGE
2018-05-18 04:00:00,2377.54,PGE
2018-05-18 05:00:00,2282.64,PGE
2018-05-18 06:00:00,2094.46,PGE
2018-05-18 07:00:00,1925.6,PGE
2018-05-18 08:00:00,1767.93,PGE
2018-05-18 09:00:00,1647.47,PGE
2018-05-18 10:00:00,1595.79,PGE
2018-05-18 11:00:00,1581.81,PGE
2018-05-18 12:00:00,1651.96,PGE
2018-05-18 13:00:00,1828.71,PGE
2018-05-18 14:00:00,2114.53,PGE
2018-05-18 15:00:00,2248.79,PGE
2018-05-18 16:00:00,2299.99,PGE
2018-05-18 17:00:00,2347.88,PGE
2018-05-18 18:00:00,2366.21,PGE
2018-05-18 19:00:00,2388.02,PGE
2018-05-18 20:00:00,2399.75,PGE
2018-05-18 21:00:00,2401.58,PGE
2018-05-18 22:00:00,2378.27,PGE
2018-05-18 23:00:00,2361.88,PGE
2018-05-19 00:00:00,2222.63,PGE
2018-05-19 01:00:00,2252.87,PGE
2018-05-19 02:00:00,2286.78,PGE
2018-05-19 03:00:00,2330.99,PGE
2018-05-19 04:00:00,2282.9,PGE
2018-05-19 05:00:00,2186.95,PGE
2018-05-19 06:00:00,2053.26,PGE
2018-05-19 07:00:00,1891.5,PGE
2018-05-19 08:00:00,1757.66,PGE
2018-05-19 09:00:00,1657.1,PGE
2018-05-19 10:00:00,1580.48,PGE
2018-05-19 11:00:00,1552.69,PGE
2018-05-19 12:00:00,1549.2,PGE
2018-05-19 13:00:00,1613.78,PGE
2018-05-19 14:00:00,1775.56,PGE
2018-05-19 15:00:00,1854.85,PGE
2018-05-19 16:00:00,1945.65,PGE
2018-05-19 17:00:00,2044.81,PGE
2018-05-19 18:00:00,2101.13,PGE
2018-05-19 19:00:00,2174.98,PGE
2018-05-19 20:00:00,2208.47,PGE
2018-05-19 21:00:00,2217.67,PGE
2018-05-19 22:00:00,2204.07,PGE
2018-05-19 23:00:00,2192.19,PGE
2018-05-20 00:00:00,2359.65,PGE
2018-05-20 01:00:00,2321.33,PGE
2018-05-20 02:00:00,2266.36,PGE
2018-05-20 03:00:00,2255.98,PGE
2018-05-20 04:00:00,2232.88,PGE
2018-05-20 05:00:00,2142.13,PGE
2018-05-20 06:00:00,2008.77,PGE
2018-05-20 07:00:00,1854.98,PGE
2018-05-20 08:00:00,1722.79,PGE
2018-05-20 09:00:00,1636.34,PGE
2018-05-20 10:00:00,1577.6,PGE
2018-05-20 11:00:00,1558.21,PGE
2018-05-20 12:00:00,1564.6,PGE
2018-05-20 13:00:00,1630.4,PGE
2018-05-20 14:00:00,1848.86,PGE
2018-05-20 15:00:00,1932.37,PGE
2018-05-20 16:00:00,2009.92,PGE
2018-05-20 17:00:00,2108.16,PGE
2018-05-20 18:00:00,2148.99,PGE
2018-05-20 19:00:00,2158.96,PGE
2018-05-20 20:00:00,2150.81,PGE
2018-05-20 21:00:00,2140.59,PGE
2018-05-20 22:00:00,2121.14,PGE
2018-05-20 23:00:00,2096.14,PGE
2018-05-21 00:00:00,2391.84,PGE
2018-05-21 01:00:00,2374.54,PGE
2018-05-21 02:00:00,2344.38,PGE
2018-05-21 03:00:00,2327.77,PGE
2018-05-21 04:00:00,2326.81,PGE
2018-05-21 05:00:00,2227.9,PGE
2018-05-21 06:00:00,2056.36,PGE
2018-05-21 07:00:00,1899.29,PGE
2018-05-21 08:00:00,1750.96,PGE
2018-05-21 09:00:00,1643.49,PGE
2018-05-21 10:00:00,1610.89,PGE
2018-05-21 11:00:00,1610.14,PGE
2018-05-21 12:00:00,1686.52,PGE
2018-05-21 13:00:00,1951.58,PGE
2018-05-21 14:00:00,2198.48,PGE
2018-05-21 15:00:00,2279.42,PGE
2018-05-21 16:00:00,2331.33,PGE
2018-05-21 17:00:00,2370.98,PGE
2018-05-21 18:00:00,2369.66,PGE
2018-05-21 19:00:00,2386.68,PGE
2018-05-21 20:00:00,2414.83,PGE
2018-05-21 21:00:00,2442.49,PGE
2018-05-21 22:00:00,2461.95,PGE
2018-05-21 23:00:00,2461.14,PGE
2018-05-22 00:00:00,2510.63,PGE
2018-05-22 01:00:00,2546.56,PGE
2018-05-22 02:00:00,2522.21,PGE
2018-05-22 03:00:00,2490.23,PGE
2018-05-22 04:00:00,2409.27,PGE
2018-05-22 05:00:00,2315.22,PGE
2018-05-22 06:00:00,2123.69,PGE
2018-05-22 07:00:00,1943.61,PGE
2018-05-22 08:00:00,1778.99,PGE
2018-05-22 09:00:00,1659.2,PGE
2018-05-22 10:00:00,1594.6,PGE
2018-05-22 11:00:00,1587.81,PGE
2018-05-22 12:00:00,1645.39,PGE
2018-05-22 13:00:00,1836.13,PGE
2018-05-22 14:00:00,2109.96,PGE
2018-05-22 15:00:00,2252.63,PGE
2018-05-22 16:00:00,2313.19,PGE
2018-05-22 17:00:00,2397.71,PGE
2018-05-22 18:00:00,2476.83,PGE
2018-05-22 19:00:00,2541.17,PGE
2018-05-22 20:00:00,2605.23,PGE
2018-05-22 21:00:00,2674.42,PGE
2018-05-22 22:00:00,2742.71,PGE
2018-05-22 23:00:00,2810.72,PGE
2018-05-23 00:00:00,2899.71,PGE
2018-05-23 01:00:00,2955.27,PGE
2018-05-23 02:00:00,2918.25,PGE
2018-05-23 03:00:00,2873.2,PGE
2018-05-23 04:00:00,2718.67,PGE
2018-05-23 05:00:00,2612.4,PGE
2018-05-23 06:00:00,2360.35,PGE
2018-05-23 07:00:00,2130.46,PGE
2018-05-23 08:00:00,1918.55,PGE
2018-05-23 09:00:00,1771.02,PGE
2018-05-23 10:00:00,1677.69,PGE
2018-05-23 11:00:00,1648.16,PGE
2018-05-23 12:00:00,1689.79,PGE
2018-05-23 13:00:00,1866.64,PGE
2018-05-23 14:00:00,2110.97,PGE
2018-05-23 15:00:00,2256.72,PGE
2018-05-23 16:00:00,2341.61,PGE
2018-05-23 17:00:00,2410.67,PGE
2018-05-23 18:00:00,2475.98,PGE
2018-05-23 19:00:00,2549.55,PGE
2018-05-23 20:00:00,2612.94,PGE
2018-05-23 21:00:00,2635.3,PGE
2018-05-23 22:00:00,2615.56,PGE
2018-05-23 23:00:00,2629.22,PGE
2018-05-24 00:00:00,2632.66,PGE
2018-05-24 01:00:00,2648.71,PGE
2018-05-24 02:00:00,2637.28,PGE
2018-05-24 03:00:00,2586.7,PGE
2018-05-24 04:00:00,2466.84,PGE
2018-05-24 05:00:00,2335.65,PGE
2018-05-24 06:00:00,2118.48,PGE
2018-05-24 07:00:00,1948.23,PGE
2018-05-24 08:00:00,1787.77,PGE
2018-05-24 09:00:00,1677.08,PGE
2018-05-24 10:00:00,1617.29,PGE
2018-05-24 11:00:00,1589.51,PGE
2018-05-24 12:00:00,1647.7,PGE
2018-05-24 13:00:00,1796.95,PGE
2018-05-24 14:00:00,2022.14,PGE
2018-05-24 15:00:00,2185.13,PGE
2018-05-24 16:00:00,2266.13,PGE
2018-05-24 17:00:00,2329.54,PGE
2018-05-24 18:00:00,2344.56,PGE
2018-05-24 19:00:00,2388.45,PGE
2018-05-24 20:00:00,2421.29,PGE
2018-05-24 21:00:00,2445.87,PGE
2018-05-24 22:00:00,2468.84,PGE
2018-05-24 23:00:00,2485.14,PGE
2018-05-25 00:00:00,2467.41,PGE
2018-05-25 01:00:00,2511.4,PGE
2018-05-25 02:00:00,2529.55,PGE
2018-05-25 03:00:00,2529.57,PGE
2018-05-25 04:00:00,2437.42,PGE
2018-05-25 05:00:00,2302.76,PGE
2018-05-25 06:00:00,2114.2,PGE
2018-05-25 07:00:00,1941.13,PGE
2018-05-25 08:00:00,1772.26,PGE
2018-05-25 09:00:00,1648.64,PGE
2018-05-25 10:00:00,1591.77,PGE
2018-05-25 11:00:00,1590.93,PGE
2018-05-25 12:00:00,1656.69,PGE
2018-05-25 13:00:00,1890.82,PGE
2018-05-25 14:00:00,2122.95,PGE
2018-05-25 15:00:00,2239.2,PGE
2018-05-25 16:00:00,2322.6,PGE
2018-05-25 17:00:00,2378.58,PGE
2018-05-25 18:00:00,2407.86,PGE
2018-05-25 19:00:00,2408.62,PGE
2018-05-25 20:00:00,2428.05,PGE
2018-05-25 21:00:00,2441.81,PGE
2018-05-25 22:00:00,2438.84,PGE
2018-05-25 23:00:00,2387.65,PGE
2018-05-26 00:00:00,2289.6,PGE
2018-05-26 01:00:00,2235.19,PGE
2018-05-26 02:00:00,2188.12,PGE
2018-05-26 03:00:00,2176.73,PGE
2018-05-26 04:00:00,2201.38,PGE
2018-05-26 05:00:00,2117.02,PGE
2018-05-26 06:00:00,1999.71,PGE
2018-05-26 07:00:00,1854.0,PGE
2018-05-26 08:00:00,1733.04,PGE
2018-05-26 09:00:00,1658.31,PGE
2018-05-26 10:00:00,1600.46,PGE
2018-05-26 11:00:00,1588.65,PGE
2018-05-26 12:00:00,1605.93,PGE
2018-05-26 13:00:00,1654.21,PGE
2018-05-26 14:00:00,1787.02,PGE
2018-05-26 15:00:00,1948.57,PGE
2018-05-26 16:00:00,2031.14,PGE
2018-05-26 17:00:00,2109.96,PGE
2018-05-26 18:00:00,2128.27,PGE
2018-05-26 19:00:00,2151.92,PGE
2018-05-26 20:00:00,2165.98,PGE
2018-05-26 21:00:00,2140.56,PGE
2018-05-26 22:00:00,2117.8,PGE
2018-05-26 23:00:00,2077.18,PGE
2018-05-27 00:00:00,2262.01,PGE
2018-05-27 01:00:00,2224.79,PGE
2018-05-27 02:00:00,2180.51,PGE
2018-05-27 03:00:00,2180.64,PGE
2018-05-27 04:00:00,2208.84,PGE
2018-05-27 05:00:00,2111.83,PGE
2018-05-27 06:00:00,1988.09,PGE
2018-05-27 07:00:00,1847.95,PGE
2018-05-27 08:00:00,1722.9,PGE
2018-05-27 09:00:00,1640.45,PGE
2018-05-27 10:00:00,1579.48,PGE
2018-05-27 11:00:00,1559.35,PGE
2018-05-27 12:00:00,1571.16,PGE
2018-05-27 13:00:00,1684.64,PGE
2018-05-27 14:00:00,1850.75,PGE
2018-05-27 15:00:00,1951.99,PGE
2018-05-27 16:00:00,2056.75,PGE
2018-05-27 17:00:00,2090.61,PGE
2018-05-27 18:00:00,2138.63,PGE
2018-05-27 19:00:00,2153.95,PGE
2018-05-27 20:00:00,2161.87,PGE
2018-05-27 21:00:00,2172.42,PGE
2018-05-27 22:00:00,2175.02,PGE
2018-05-27 23:00:00,2172.34,PGE
2018-05-28 00:00:00,2204.17,PGE
2018-05-28 01:00:00,2230.22,PGE
2018-05-28 02:00:00,2226.38,PGE
2018-05-28 03:00:00,2239.82,PGE
2018-05-28 04:00:00,2179.22,PGE
2018-05-28 05:00:00,2076.92,PGE
2018-05-28 06:00:00,1938.46,PGE
2018-05-28 07:00:00,1797.42,PGE
2018-05-28 08:00:00,1671.39,PGE
2018-05-28 09:00:00,1566.97,PGE
2018-05-28 10:00:00,1520.57,PGE
2018-05-28 11:00:00,1491.63,PGE
2018-05-28 12:00:00,1505.94,PGE
2018-05-28 13:00:00,1616.37,PGE
2018-05-28 14:00:00,1806.94,PGE
2018-05-28 15:00:00,1849.77,PGE
2018-05-28 16:00:00,1944.04,PGE
2018-05-28 17:00:00,2019.21,PGE
2018-05-28 18:00:00,2068.5,PGE
2018-05-28 19:00:00,2113.99,PGE
2018-05-28 20:00:00,2133.14,PGE
2018-05-28 21:00:00,2130.67,PGE
2018-05-28 22:00:00,2127.54,PGE
2018-05-28 23:00:00,2126.06,PGE
2018-05-29 00:00:00,2460.49,PGE
2018-05-29 01:00:00,2474.3,PGE
2018-05-29 02:00:00,2401.9,PGE
2018-05-29 03:00:00,2344.78,PGE
2018-05-29 04:00:00,2336.11,PGE
2018-05-29 05:00:00,2238.6,PGE
2018-05-29 06:00:00,2064.12,PGE
2018-05-29 07:00:00,1908.45,PGE
2018-05-29 08:00:00,1759.79,PGE
2018-05-29 09:00:00,1644.96,PGE
2018-05-29 10:00:00,1611.87,PGE
2018-05-29 11:00:00,1614.92,PGE
2018-05-29 12:00:00,1688.78,PGE
2018-05-29 13:00:00,1995.84,PGE
2018-05-29 14:00:00,2205.02,PGE
2018-05-29 15:00:00,2313.96,PGE
2018-05-29 16:00:00,2378.5,PGE
2018-05-29 17:00:00,2394.2,PGE
2018-05-29 18:00:00,2382.16,PGE
2018-05-29 19:00:00,2391.66,PGE
2018-05-29 20:00:00,2407.28,PGE
2018-05-29 21:00:00,2382.98,PGE
2018-05-29 22:00:00,2341.72,PGE
2018-05-29 23:00:00,2300.91,PGE
2018-05-30 00:00:00,2373.44,PGE
2018-05-30 01:00:00,2331.89,PGE
2018-05-30 02:00:00,2282.15,PGE
2018-05-30 03:00:00,2282.99,PGE
2018-05-30 04:00:00,2300.14,PGE
2018-05-30 05:00:00,2191.32,PGE
2018-05-30 06:00:00,2041.08,PGE
2018-05-30 07:00:00,1884.0,PGE
2018-05-30 08:00:00,1747.56,PGE
2018-05-30 09:00:00,1659.77,PGE
2018-05-30 10:00:00,1627.72,PGE
2018-05-30 11:00:00,1637.79,PGE
2018-05-30 12:00:00,1722.46,PGE
2018-05-30 13:00:00,2030.39,PGE
2018-05-30 14:00:00,2265.68,PGE
2018-05-30 15:00:00,2345.23,PGE
2018-05-30 16:00:00,2396.97,PGE
2018-05-30 17:00:00,2387.22,PGE
2018-05-30 18:00:00,2374.41,PGE
2018-05-30 19:00:00,2383.39,PGE
2018-05-30 20:00:00,2390.66,PGE
2018-05-30 21:00:00,2390.53,PGE
2018-05-30 22:00:00,2376.37,PGE
2018-05-30 23:00:00,2325.18,PGE
2018-05-31 00:00:00,2388.04,PGE
2018-05-31 01:00:00,2373.52,PGE
2018-05-31 02:00:00,2309.98,PGE
2018-05-31 03:00:00,2290.62,PGE
2018-05-31 04:00:00,2305.97,PGE
2018-05-31 05:00:00,2201.91,PGE
2018-05-31 06:00:00,2038.45,PGE
2018-05-31 07:00:00,1888.6,PGE
2018-05-31 08:00:00,1740.35,PGE
2018-05-31 09:00:00,1640.28,PGE
2018-05-31 10:00:00,1613.46,PGE
2018-05-31 11:00:00,1622.66,PGE
2018-05-31 12:00:00,1717.78,PGE
2018-05-31 13:00:00,2018.46,PGE
2018-05-31 14:00:00,2259.82,PGE
2018-05-31 15:00:00,2382.05,PGE
2018-05-31 16:00:00,2422.73,PGE
2018-05-31 17:00:00,2447.13,PGE
2018-05-31 18:00:00,2451.99,PGE
2018-05-31 19:00:00,2442.01,PGE
2018-05-31 20:00:00,2403.12,PGE
2018-05-31 21:00:00,2362.21,PGE
2018-05-31 22:00:00,2317.22,PGE
2018-05-31 23:00:00,2289.57,PGE
2018-06-01 00:00:00,2299.14,PGE
2018-06-01 01:00:00,2263.16,PGE
2018-06-01 02:00:00,2292.43,PGE
2018-06-01 03:00:00,2355.96,PGE
2018-06-01 04:00:00,2359.62,PGE
2018-06-01 05:00:00,2199.56,PGE
2018-06-01 06:00:00,2003.85,PGE
2018-06-01 07:00:00,1838.83,PGE
2018-06-01 08:00:00,1693.72,PGE
2018-06-01 09:00:00,1589.34,PGE
2018-06-01 10:00:00,1556.47,PGE
2018-06-01 11:00:00,1556.83,PGE
2018-06-01 12:00:00,1642.1,PGE
2018-06-01 13:00:00,1946.11,PGE
2018-06-01 14:00:00,2191.18,PGE
2018-06-01 15:00:00,2279.98,PGE
2018-06-01 16:00:00,2338.16,PGE
2018-06-01 17:00:00,2352.01,PGE
2018-06-01 18:00:00,2345.32,PGE
2018-06-01 19:00:00,2351.72,PGE
2018-06-01 20:00:00,2361.16,PGE
2018-06-01 21:00:00,2367.77,PGE
2018-06-01 22:00:00,2368.95,PGE
2018-06-01 23:00:00,2357.22,PGE
2018-06-02 00:00:00,2252.73,PGE
2018-06-02 01:00:00,2261.81,PGE
2018-06-02 02:00:00,2262.36,PGE
2018-06-02 03:00:00,2278.91,PGE
2018-06-02 04:00:00,2264.85,PGE
2018-06-02 05:00:00,2144.0,PGE
2018-06-02 06:00:00,2000.76,PGE
2018-06-02 07:00:00,1845.83,PGE
2018-06-02 08:00:00,1709.18,PGE
2018-06-02 09:00:00,1610.58,PGE
2018-06-02 10:00:00,1543.44,PGE
2018-06-02 11:00:00,1512.94,PGE
2018-06-02 12:00:00,1508.55,PGE
2018-06-02 13:00:00,1624.62,PGE
2018-06-02 14:00:00,1776.37,PGE
2018-06-02 15:00:00,1883.49,PGE
2018-06-02 16:00:00,1988.42,PGE
2018-06-02 17:00:00,2080.27,PGE
2018-06-02 18:00:00,2155.34,PGE
2018-06-02 19:00:00,2209.59,PGE
2018-06-02 20:00:00,2245.56,PGE
2018-06-02 21:00:00,2275.6,PGE
2018-06-02 22:00:00,2300.01,PGE
2018-06-02 23:00:00,2318.97,PGE
2018-06-03 00:00:00,2600.26,PGE
2018-06-03 01:00:00,2646.03,PGE
2018-06-03 02:00:00,2628.9,PGE
2018-06-03 03:00:00,2563.25,PGE
2018-06-03 04:00:00,2467.2,PGE
2018-06-03 05:00:00,2336.93,PGE
2018-06-03 06:00:00,2155.8,PGE
2018-06-03 07:00:00,1961.16,PGE
2018-06-03 08:00:00,1806.56,PGE
2018-06-03 09:00:00,1694.25,PGE
2018-06-03 10:00:00,1615.94,PGE
2018-06-03 11:00:00,1572.2,PGE
2018-06-03 12:00:00,1555.0,PGE
2018-06-03 13:00:00,1623.73,PGE
2018-06-03 14:00:00,1772.12,PGE
2018-06-03 15:00:00,1862.62,PGE
2018-06-03 16:00:00,1972.96,PGE
2018-06-03 17:00:00,2097.13,PGE
2018-06-03 18:00:00,2173.51,PGE
2018-06-03 19:00:00,2224.52,PGE
2018-06-03 20:00:00,2254.68,PGE
2018-06-03 21:00:00,2268.06,PGE
2018-06-03 22:00:00,2231.29,PGE
2018-06-03 23:00:00,2185.04,PGE
2018-06-04 00:00:00,2459.46,PGE
2018-06-04 01:00:00,2407.68,PGE
2018-06-04 02:00:00,2386.55,PGE
2018-06-04 03:00:00,2404.97,PGE
2018-06-04 04:00:00,2389.59,PGE
2018-06-04 05:00:00,2245.57,PGE
2018-06-04 06:00:00,2047.32,PGE
2018-06-04 07:00:00,1873.07,PGE
2018-06-04 08:00:00,1717.36,PGE
2018-06-04 09:00:00,1611.86,PGE
2018-06-04 10:00:00,1578.35,PGE
2018-06-04 11:00:00,1560.32,PGE
2018-06-04 12:00:00,1627.61,PGE
2018-06-04 13:00:00,1874.99,PGE
2018-06-04 14:00:00,2110.95,PGE
2018-06-04 15:00:00,2239.64,PGE
2018-06-04 16:00:00,2314.26,PGE
2018-06-04 17:00:00,2365.86,PGE
2018-06-04 18:00:00,2357.25,PGE
2018-06-04 19:00:00,2369.13,PGE
2018-06-04 20:00:00,2384.52,PGE
2018-06-04 21:00:00,2378.52,PGE
2018-06-04 22:00:00,2369.09,PGE
2018-06-04 23:00:00,2328.83,PGE
2018-06-05 00:00:00,2415.39,PGE
2018-06-05 01:00:00,2383.03,PGE
2018-06-05 02:00:00,2362.98,PGE
2018-06-05 03:00:00,2352.93,PGE
2018-06-05 04:00:00,2338.59,PGE
2018-06-05 05:00:00,2203.32,PGE
2018-06-05 06:00:00,2023.8,PGE
2018-06-05 07:00:00,1860.36,PGE
2018-06-05 08:00:00,1706.29,PGE
2018-06-05 09:00:00,1600.11,PGE
2018-06-05 10:00:00,1553.55,PGE
2018-06-05 11:00:00,1555.52,PGE
2018-06-05 12:00:00,1628.23,PGE
2018-06-05 13:00:00,1951.43,PGE
2018-06-05 14:00:00,2165.16,PGE
2018-06-05 15:00:00,2264.02,PGE
2018-06-05 16:00:00,2320.62,PGE
2018-06-05 17:00:00,2354.64,PGE
2018-06-05 18:00:00,2346.78,PGE
2018-06-05 19:00:00,2364.74,PGE
2018-06-05 20:00:00,2381.81,PGE
2018-06-05 21:00:00,2394.74,PGE
2018-06-05 22:00:00,2389.91,PGE
2018-06-05 23:00:00,2369.41,PGE
2018-06-06 00:00:00,2450.93,PGE
2018-06-06 01:00:00,2441.76,PGE
2018-06-06 02:00:00,2418.08,PGE
2018-06-06 03:00:00,2423.53,PGE
2018-06-06 04:00:00,2402.89,PGE
2018-06-06 05:00:00,2257.95,PGE
2018-06-06 06:00:00,2074.38,PGE
2018-06-06 07:00:00,1901.19,PGE
2018-06-06 08:00:00,1741.26,PGE
2018-06-06 09:00:00,1622.49,PGE
2018-06-06 10:00:00,1571.82,PGE
2018-06-06 11:00:00,1566.2,PGE
2018-06-06 12:00:00,1630.14,PGE
2018-06-06 13:00:00,1875.48,PGE
2018-06-06 14:00:00,2100.0,PGE
2018-06-06 15:00:00,2235.25,PGE
2018-06-06 16:00:00,2301.71,PGE
2018-06-06 17:00:00,2350.2,PGE
2018-06-06 18:00:00,2417.8,PGE
2018-06-06 19:00:00,2453.26,PGE
2018-06-06 20:00:00,2480.97,PGE
2018-06-06 21:00:00,2504.6,PGE
2018-06-06 22:00:00,2530.54,PGE
2018-06-06 23:00:00,2541.13,PGE
2018-06-07 00:00:00,2562.47,PGE
2018-06-07 01:00:00,2615.99,PGE
2018-06-07 02:00:00,2633.41,PGE
2018-06-07 03:00:00,2608.16,PGE
2018-06-07 04:00:00,2530.25,PGE
2018-06-07 05:00:00,2375.83,PGE
2018-06-07 06:00:00,2147.93,PGE
2018-06-07 07:00:00,1959.26,PGE
2018-06-07 08:00:00,1800.91,PGE
2018-06-07 09:00:00,1665.07,PGE
2018-06-07 10:00:00,1610.7,PGE
2018-06-07 11:00:00,1589.76,PGE
2018-06-07 12:00:00,1652.42,PGE
2018-06-07 13:00:00,1867.62,PGE
2018-06-07 14:00:00,2100.8,PGE
2018-06-07 15:00:00,2230.73,PGE
2018-06-07 16:00:00,2323.15,PGE
2018-06-07 17:00:00,2382.58,PGE
2018-06-07 18:00:00,2416.02,PGE
2018-06-07 19:00:00,2445.91,PGE
2018-06-07 20:00:00,2477.66,PGE
2018-06-07 21:00:00,2496.2,PGE
2018-06-07 22:00:00,2504.37,PGE
2018-06-07 23:00:00,2497.75,PGE
2018-06-08 00:00:00,2507.23,PGE
2018-06-08 01:00:00,2531.82,PGE
2018-06-08 02:00:00,2510.73,PGE
2018-06-08 03:00:00,2472.13,PGE
2018-06-08 04:00:00,2437.18,PGE
2018-06-08 05:00:00,2295.64,PGE
2018-06-08 06:00:00,2101.22,PGE
2018-06-08 07:00:00,1928.32,PGE
2018-06-08 08:00:00,1771.86,PGE
2018-06-08 09:00:00,1631.59,PGE
2018-06-08 10:00:00,1589.3,PGE
2018-06-08 11:00:00,1583.84,PGE
2018-06-08 12:00:00,1639.71,PGE
2018-06-08 13:00:00,1865.69,PGE
2018-06-08 14:00:00,2114.99,PGE
2018-06-08 15:00:00,2244.13,PGE
2018-06-08 16:00:00,2319.32,PGE
2018-06-08 17:00:00,2362.8,PGE
2018-06-08 18:00:00,2416.21,PGE
2018-06-08 19:00:00,2445.24,PGE
2018-06-08 20:00:00,2464.07,PGE
2018-06-08 21:00:00,2476.54,PGE
2018-06-08 22:00:00,2442.49,PGE
2018-06-08 23:00:00,2437.3,PGE
2018-06-09 00:00:00,2193.43,PGE
2018-06-09 01:00:00,2209.45,PGE
2018-06-09 02:00:00,2234.28,PGE
2018-06-09 03:00:00,2250.91,PGE
2018-06-09 04:00:00,2254.02,PGE
2018-06-09 05:00:00,2189.65,PGE
2018-06-09 06:00:00,2059.24,PGE
2018-06-09 07:00:00,1911.79,PGE
2018-06-09 08:00:00,1776.16,PGE
2018-06-09 09:00:00,1689.56,PGE
2018-06-09 10:00:00,1600.4,PGE
2018-06-09 11:00:00,1561.35,PGE
2018-06-09 12:00:00,1559.77,PGE
2018-06-09 13:00:00,1605.93,PGE
2018-06-09 14:00:00,1755.39,PGE
2018-06-09 15:00:00,1874.27,PGE
2018-06-09 16:00:00,1958.4,PGE
2018-06-09 17:00:00,2042.59,PGE
2018-06-09 18:00:00,2118.45,PGE
2018-06-09 19:00:00,2123.61,PGE
2018-06-09 20:00:00,2106.04,PGE
2018-06-09 21:00:00,2115.91,PGE
2018-06-09 22:00:00,2106.49,PGE
2018-06-09 23:00:00,2096.7,PGE
2018-06-10 00:00:00,2181.5,PGE
2018-06-10 01:00:00,2153.95,PGE
2018-06-10 02:00:00,2130.87,PGE
2018-06-10 03:00:00,2176.75,PGE
2018-06-10 04:00:00,2176.72,PGE
2018-06-10 05:00:00,2080.75,PGE
2018-06-10 06:00:00,1965.49,PGE
2018-06-10 07:00:00,1833.43,PGE
2018-06-10 08:00:00,1705.94,PGE
2018-06-10 09:00:00,1625.36,PGE
2018-06-10 10:00:00,1568.59,PGE
2018-06-10 11:00:00,1551.79,PGE
2018-06-10 12:00:00,1566.02,PGE
2018-06-10 13:00:00,1638.22,PGE
2018-06-10 14:00:00,1853.59,PGE
2018-06-10 15:00:00,1966.18,PGE
2018-06-10 16:00:00,2055.87,PGE
2018-06-10 17:00:00,2145.08,PGE
2018-06-10 18:00:00,2181.94,PGE
2018-06-10 19:00:00,2182.87,PGE
2018-06-10 20:00:00,2175.56,PGE
2018-06-10 21:00:00,2162.93,PGE
2018-06-10 22:00:00,2147.8,PGE
2018-06-10 23:00:00,2144.11,PGE
2018-06-11 00:00:00,2252.37,PGE
2018-06-11 01:00:00,2248.8,PGE
2018-06-11 02:00:00,2306.44,PGE
2018-06-11 03:00:00,2355.97,PGE
2018-06-11 04:00:00,2360.84,PGE
2018-06-11 05:00:00,2211.01,PGE
2018-06-11 06:00:00,2020.99,PGE
2018-06-11 07:00:00,1853.96,PGE
2018-06-11 08:00:00,1706.79,PGE
2018-06-11 09:00:00,1609.41,PGE
2018-06-11 10:00:00,1566.35,PGE
2018-06-11 11:00:00,1556.6,PGE
2018-06-11 12:00:00,1630.43,PGE
2018-06-11 13:00:00,1908.77,PGE
2018-06-11 14:00:00,2123.63,PGE
2018-06-11 15:00:00,2242.8,PGE
2018-06-11 16:00:00,2308.39,PGE
2018-06-11 17:00:00,2355.11,PGE
2018-06-11 18:00:00,2351.13,PGE
2018-06-11 19:00:00,2363.32,PGE
2018-06-11 20:00:00,2373.64,PGE
2018-06-11 21:00:00,2376.5,PGE
2018-06-11 22:00:00,2365.84,PGE
2018-06-11 23:00:00,2344.57,PGE
2018-06-12 00:00:00,2416.04,PGE
2018-06-12 01:00:00,2440.57,PGE
2018-06-12 02:00:00,2425.73,PGE
2018-06-12 03:00:00,2435.4,PGE
2018-06-12 04:00:00,2396.65,PGE
2018-06-12 05:00:00,2255.88,PGE
2018-06-12 06:00:00,2067.31,PGE
2018-06-12 07:00:00,1892.34,PGE
2018-06-12 08:00:00,1726.52,PGE
2018-06-12 09:00:00,1613.54,PGE
2018-06-12 10:00:00,1556.54,PGE
2018-06-12 11:00:00,1552.25,PGE
2018-06-12 12:00:00,1620.81,PGE
2018-06-12 13:00:00,1896.31,PGE
2018-06-12 14:00:00,2156.92,PGE
2018-06-12 15:00:00,2285.45,PGE
2018-06-12 16:00:00,2336.26,PGE
2018-06-12 17:00:00,2407.35,PGE
2018-06-12 18:00:00,2470.03,PGE
2018-06-12 19:00:00,2526.02,PGE
2018-06-12 20:00:00,2546.12,PGE
2018-06-12 21:00:00,2579.75,PGE
2018-06-12 22:00:00,2616.38,PGE
2018-06-12 23:00:00,2612.14,PGE
2018-06-13 00:00:00,2640.24,PGE
2018-06-13 01:00:00,2662.47,PGE
2018-06-13 02:00:00,2662.47,PGE
2018-06-13 03:00:00,2634.55,PGE
2018-06-13 04:00:00,2515.17,PGE
2018-06-13 05:00:00,2319.57,PGE
2018-06-13 06:00:00,2101.45,PGE
2018-06-13 07:00:00,1911.6,PGE
2018-06-13 08:00:00,1740.35,PGE
2018-06-13 09:00:00,1611.48,PGE
2018-06-13 10:00:00,1561.73,PGE
2018-06-13 11:00:00,1563.83,PGE
2018-06-13 12:00:00,1637.19,PGE
2018-06-13 13:00:00,1866.62,PGE
2018-06-13 14:00:00,2078.41,PGE
2018-06-13 15:00:00,2240.13,PGE
2018-06-13 16:00:00,2317.18,PGE
2018-06-13 17:00:00,2356.34,PGE
2018-06-13 18:00:00,2363.25,PGE
2018-06-13 19:00:00,2344.73,PGE
2018-06-13 20:00:00,2360.19,PGE
2018-06-13 21:00:00,2365.73,PGE
2018-06-13 22:00:00,2375.73,PGE
2018-06-13 23:00:00,2388.99,PGE
2018-06-14 00:00:00,2268.61,PGE
2018-06-14 01:00:00,2326.62,PGE
2018-06-14 02:00:00,2345.78,PGE
2018-06-14 03:00:00,2393.64,PGE
2018-06-14 04:00:00,2388.16,PGE
2018-06-14 05:00:00,2248.71,PGE
2018-06-14 06:00:00,2073.21,PGE
2018-06-14 07:00:00,1902.55,PGE
2018-06-14 08:00:00,1746.74,PGE
2018-06-14 09:00:00,1620.14,PGE
2018-06-14 10:00:00,1580.34,PGE
2018-06-14 11:00:00,1568.52,PGE
2018-06-14 12:00:00,1641.34,PGE
2018-06-14 13:00:00,1854.42,PGE
2018-06-14 14:00:00,2101.2,PGE
2018-06-14 15:00:00,2225.46,PGE
2018-06-14 16:00:00,2293.7,PGE
2018-06-14 17:00:00,2353.75,PGE
2018-06-14 18:00:00,2387.41,PGE
2018-06-14 19:00:00,2376.02,PGE
2018-06-14 20:00:00,2387.56,PGE
2018-06-14 21:00:00,2406.23,PGE
2018-06-14 22:00:00,2399.76,PGE
2018-06-14 23:00:00,2384.69,PGE
2018-06-15 00:00:00,2431.47,PGE
2018-06-15 01:00:00,2415.35,PGE
2018-06-15 02:00:00,2401.08,PGE
2018-06-15 03:00:00,2376.27,PGE
2018-06-15 04:00:00,2368.91,PGE
2018-06-15 05:00:00,2245.27,PGE
2018-06-15 06:00:00,2064.73,PGE
2018-06-15 07:00:00,1892.75,PGE
2018-06-15 08:00:00,1726.84,PGE
2018-06-15 09:00:00,1613.47,PGE
2018-06-15 10:00:00,1566.07,PGE
2018-06-15 11:00:00,1555.19,PGE
2018-06-15 12:00:00,1626.17,PGE
2018-06-15 13:00:00,1906.78,PGE
2018-06-15 14:00:00,2140.47,PGE
2018-06-15 15:00:00,2232.03,PGE
2018-06-15 16:00:00,2316.16,PGE
2018-06-15 17:00:00,2354.96,PGE
2018-06-15 18:00:00,2384.99,PGE
2018-06-15 19:00:00,2383.62,PGE
2018-06-15 20:00:00,2400.19,PGE
2018-06-15 21:00:00,2421.2,PGE
2018-06-15 22:00:00,2434.62,PGE
2018-06-15 23:00:00,2423.21,PGE
2018-06-16 00:00:00,2387.38,PGE
2018-06-16 01:00:00,2366.13,PGE
2018-06-16 02:00:00,2336.27,PGE
2018-06-16 03:00:00,2272.22,PGE
2018-06-16 04:00:00,2241.24,PGE
2018-06-16 05:00:00,2164.62,PGE
2018-06-16 06:00:00,2048.12,PGE
2018-06-16 07:00:00,1882.85,PGE
2018-06-16 08:00:00,1741.78,PGE
2018-06-16 09:00:00,1640.08,PGE
2018-06-16 10:00:00,1564.57,PGE
2018-06-16 11:00:00,1539.04,PGE
2018-06-16 12:00:00,1544.57,PGE
2018-06-16 13:00:00,1606.59,PGE
2018-06-16 14:00:00,1767.01,PGE
2018-06-16 15:00:00,1880.3,PGE
2018-06-16 16:00:00,1966.62,PGE
2018-06-16 17:00:00,2046.59,PGE
2018-06-16 18:00:00,2136.22,PGE
2018-06-16 19:00:00,2173.35,PGE
2018-06-16 20:00:00,2206.94,PGE
2018-06-16 21:00:00,2247.41,PGE
2018-06-16 22:00:00,2297.67,PGE
2018-06-16 23:00:00,2333.19,PGE
2018-06-17 00:00:00,2574.13,PGE
2018-06-17 01:00:00,2613.5,PGE
2018-06-17 02:00:00,2626.0,PGE
2018-06-17 03:00:00,2584.44,PGE
2018-06-17 04:00:00,2520.07,PGE
2018-06-17 05:00:00,2404.89,PGE
2018-06-17 06:00:00,2225.62,PGE
2018-06-17 07:00:00,2031.31,PGE
2018-06-17 08:00:00,1873.67,PGE
2018-06-17 09:00:00,1773.79,PGE
2018-06-17 10:00:00,1690.86,PGE
2018-06-17 11:00:00,1648.01,PGE
2018-06-17 12:00:00,1629.63,PGE
2018-06-17 13:00:00,1714.33,PGE
2018-06-17 14:00:00,1842.77,PGE
2018-06-17 15:00:00,1998.21,PGE
2018-06-17 16:00:00,2163.19,PGE
2018-06-17 17:00:00,2318.89,PGE
2018-06-17 18:00:00,2425.0,PGE
2018-06-17 19:00:00,2480.61,PGE
2018-06-17 20:00:00,2521.03,PGE
2018-06-17 21:00:00,2556.95,PGE
2018-06-17 22:00:00,2600.47,PGE
2018-06-17 23:00:00,2642.24,PGE
2018-06-18 00:00:00,3016.18,PGE
2018-06-18 01:00:00,3097.51,PGE
2018-06-18 02:00:00,3088.69,PGE
2018-06-18 03:00:00,3034.12,PGE
2018-06-18 04:00:00,2893.67,PGE
2018-06-18 05:00:00,2716.49,PGE
2018-06-18 06:00:00,2484.13,PGE
2018-06-18 07:00:00,2271.7,PGE
2018-06-18 08:00:00,2081.05,PGE
2018-06-18 09:00:00,1926.46,PGE
2018-06-18 10:00:00,1825.29,PGE
2018-06-18 11:00:00,1782.36,PGE
2018-06-18 12:00:00,1784.67,PGE
2018-06-18 13:00:00,1941.88,PGE
2018-06-18 14:00:00,2214.84,PGE
2018-06-18 15:00:00,2389.55,PGE
2018-06-18 16:00:00,2485.43,PGE
2018-06-18 17:00:00,2561.54,PGE
2018-06-18 18:00:00,2648.23,PGE
2018-06-18 19:00:00,2735.17,PGE
2018-06-18 20:00:00,2781.32,PGE
2018-06-18 21:00:00,2828.22,PGE
2018-06-18 22:00:00,2860.86,PGE
2018-06-18 23:00:00,2877.76,PGE
2018-06-19 00:00:00,2888.46,PGE
2018-06-19 01:00:00,2893.98,PGE
2018-06-19 02:00:00,2897.42,PGE
2018-06-19 03:00:00,2881.41,PGE
2018-06-19 04:00:00,2748.16,PGE
2018-06-19 05:00:00,2637.93,PGE
2018-06-19 06:00:00,2423.83,PGE
2018-06-19 07:00:00,2216.03,PGE
2018-06-19 08:00:00,2002.0,PGE
2018-06-19 09:00:00,1848.17,PGE
2018-06-19 10:00:00,1757.54,PGE
2018-06-19 11:00:00,1729.59,PGE
2018-06-19 12:00:00,1755.7,PGE
2018-06-19 13:00:00,1932.57,PGE
2018-06-19 14:00:00,2176.01,PGE
2018-06-19 15:00:00,2321.31,PGE
2018-06-19 16:00:00,2423.96,PGE
2018-06-19 17:00:00,2510.04,PGE
2018-06-19 18:00:00,2592.33,PGE
2018-06-19 19:00:00,2682.29,PGE
2018-06-19 20:00:00,2769.72,PGE
2018-06-19 21:00:00,2861.34,PGE
2018-06-19 22:00:00,2942.25,PGE
2018-06-19 23:00:00,3003.7,PGE
2018-06-20 00:00:00,3082.5,PGE
2018-06-20 01:00:00,3163.49,PGE
2018-06-20 02:00:00,3181.27,PGE
2018-06-20 03:00:00,3144.84,PGE
2018-06-20 04:00:00,3029.0,PGE
2018-06-20 05:00:00,2858.93,PGE
2018-06-20 06:00:00,2593.98,PGE
2018-06-20 07:00:00,2374.68,PGE
2018-06-20 08:00:00,2175.36,PGE
2018-06-20 09:00:00,2031.43,PGE
2018-06-20 10:00:00,1931.94,PGE
2018-06-20 11:00:00,1895.39,PGE
2018-06-20 12:00:00,1908.54,PGE
2018-06-20 13:00:00,2062.78,PGE
2018-06-20 14:00:00,2313.11,PGE
2018-06-20 15:00:00,2487.34,PGE
2018-06-20 16:00:00,2566.35,PGE
2018-06-20 17:00:00,2648.26,PGE
2018-06-20 18:00:00,2770.17,PGE
2018-06-20 19:00:00,2895.44,PGE
2018-06-20 20:00:00,3028.75,PGE
2018-06-20 21:00:00,3136.87,PGE
2018-06-20 22:00:00,3211.65,PGE
2018-06-20 23:00:00,3232.0,PGE
2018-06-21 00:00:00,3245.58,PGE
2018-06-21 01:00:00,3202.95,PGE
2018-06-21 02:00:00,3103.91,PGE
2018-06-21 03:00:00,3046.67,PGE
2018-06-21 04:00:00,2893.0,PGE
2018-06-21 05:00:00,2692.78,PGE
2018-06-21 06:00:00,2385.26,PGE
2018-06-21 07:00:00,2153.47,PGE
2018-06-21 08:00:00,1950.56,PGE
2018-06-21 09:00:00,1783.61,PGE
2018-06-21 10:00:00,1695.14,PGE
2018-06-21 11:00:00,1638.88,PGE
2018-06-21 12:00:00,1682.06,PGE
2018-06-21 13:00:00,1843.6,PGE
2018-06-21 14:00:00,2089.01,PGE
2018-06-21 15:00:00,2232.04,PGE
2018-06-21 16:00:00,2317.8,PGE
2018-06-21 17:00:00,2369.89,PGE
2018-06-21 18:00:00,2421.24,PGE
2018-06-21 19:00:00,2475.44,PGE
2018-06-21 20:00:00,2548.28,PGE
2018-06-21 21:00:00,2606.59,PGE
2018-06-21 22:00:00,2661.85,PGE
2018-06-21 23:00:00,2672.8,PGE
2018-06-22 00:00:00,2671.37,PGE
2018-06-22 01:00:00,2753.62,PGE
2018-06-22 02:00:00,2744.31,PGE
2018-06-22 03:00:00,2674.84,PGE
2018-06-22 04:00:00,2584.4,PGE
2018-06-22 05:00:00,2449.69,PGE
2018-06-22 06:00:00,2252.16,PGE
2018-06-22 07:00:00,2050.3,PGE
2018-06-22 08:00:00,1883.38,PGE
2018-06-22 09:00:00,1758.83,PGE
2018-06-22 10:00:00,1677.08,PGE
2018-06-22 11:00:00,1615.51,PGE
2018-06-22 12:00:00,1661.04,PGE
2018-06-22 13:00:00,1824.7,PGE
2018-06-22 14:00:00,2070.23,PGE
2018-06-22 15:00:00,2218.77,PGE
2018-06-22 16:00:00,2303.65,PGE
2018-06-22 17:00:00,2347.22,PGE
2018-06-22 18:00:00,2406.91,PGE
2018-06-22 19:00:00,2466.37,PGE
2018-06-22 20:00:00,2499.01,PGE
2018-06-22 21:00:00,2518.87,PGE
2018-06-22 22:00:00,2544.57,PGE
2018-06-22 23:00:00,2556.86,PGE
2018-06-23 00:00:00,2530.28,PGE
2018-06-23 01:00:00,2526.14,PGE
2018-06-23 02:00:00,2516.43,PGE
2018-06-23 03:00:00,2483.51,PGE
2018-06-23 04:00:00,2423.12,PGE
2018-06-23 05:00:00,2296.73,PGE
2018-06-23 06:00:00,2133.8,PGE
2018-06-23 07:00:00,1932.14,PGE
2018-06-23 08:00:00,1790.06,PGE
2018-06-23 09:00:00,1691.9,PGE
2018-06-23 10:00:00,1614.66,PGE
2018-06-23 11:00:00,1576.07,PGE
2018-06-23 12:00:00,1572.77,PGE
2018-06-23 13:00:00,1612.65,PGE
2018-06-23 14:00:00,1763.8,PGE
2018-06-23 15:00:00,1878.88,PGE
2018-06-23 16:00:00,1998.64,PGE
2018-06-23 17:00:00,2124.08,PGE
2018-06-23 18:00:00,2188.11,PGE
2018-06-23 19:00:00,2241.88,PGE
2018-06-23 20:00:00,2273.45,PGE
2018-06-23 21:00:00,2288.61,PGE
2018-06-23 22:00:00,2312.02,PGE
2018-06-23 23:00:00,2338.74,PGE
2018-06-24 00:00:00,2648.98,PGE
2018-06-24 01:00:00,2673.26,PGE
2018-06-24 02:00:00,2642.61,PGE
2018-06-24 03:00:00,2552.68,PGE
2018-06-24 04:00:00,2465.46,PGE
2018-06-24 05:00:00,2346.88,PGE
2018-06-24 06:00:00,2165.54,PGE
2018-06-24 07:00:00,1976.88,PGE
2018-06-24 08:00:00,1832.3,PGE
2018-06-24 09:00:00,1722.93,PGE
2018-06-24 10:00:00,1644.87,PGE
2018-06-24 11:00:00,1604.91,PGE
2018-06-24 12:00:00,1588.37,PGE
2018-06-24 13:00:00,1657.58,PGE
2018-06-24 14:00:00,1799.05,PGE
2018-06-24 15:00:00,1942.13,PGE
2018-06-24 16:00:00,2083.84,PGE
2018-06-24 17:00:00,2233.83,PGE
2018-06-24 18:00:00,2358.42,PGE
2018-06-24 19:00:00,2462.55,PGE
2018-06-24 20:00:00,2547.61,PGE
2018-06-24 21:00:00,2623.74,PGE
2018-06-24 22:00:00,2700.84,PGE
2018-06-24 23:00:00,2777.06,PGE
2018-06-25 00:00:00,3182.39,PGE
2018-06-25 01:00:00,3290.65,PGE
2018-06-25 02:00:00,3212.18,PGE
2018-06-25 03:00:00,2942.94,PGE
2018-06-25 04:00:00,2690.47,PGE
2018-06-25 05:00:00,2449.16,PGE
2018-06-25 06:00:00,2191.23,PGE
2018-06-25 07:00:00,1992.26,PGE
2018-06-25 08:00:00,1858.33,PGE
2018-06-25 09:00:00,1718.15,PGE
2018-06-25 10:00:00,1626.68,PGE
2018-06-25 11:00:00,1611.07,PGE
2018-06-25 12:00:00,1665.11,PGE
2018-06-25 13:00:00,1851.75,PGE
2018-06-25 14:00:00,2064.54,PGE
2018-06-25 15:00:00,2191.61,PGE
2018-06-25 16:00:00,2277.87,PGE
2018-06-25 17:00:00,2330.83,PGE
2018-06-25 18:00:00,2357.85,PGE
2018-06-25 19:00:00,2389.54,PGE
2018-06-25 20:00:00,2405.08,PGE
2018-06-25 21:00:00,2406.62,PGE
2018-06-25 22:00:00,2426.37,PGE
2018-06-25 23:00:00,2401.16,PGE
2018-06-26 00:00:00,2421.36,PGE
2018-06-26 01:00:00,2432.86,PGE
2018-06-26 02:00:00,2424.28,PGE
2018-06-26 03:00:00,2420.33,PGE
2018-06-26 04:00:00,2413.93,PGE
2018-06-26 05:00:00,2273.71,PGE
2018-06-26 06:00:00,2090.58,PGE
2018-06-26 07:00:00,1919.55,PGE
2018-06-26 08:00:00,1754.45,PGE
2018-06-26 09:00:00,1633.89,PGE
2018-06-26 10:00:00,1579.17,PGE
2018-06-26 11:00:00,1570.77,PGE
2018-06-26 12:00:00,1628.13,PGE
2018-06-26 13:00:00,1882.74,PGE
2018-06-26 14:00:00,2117.22,PGE
2018-06-26 15:00:00,2253.18,PGE
2018-06-26 16:00:00,2313.76,PGE
2018-06-26 17:00:00,2362.68,PGE
2018-06-26 18:00:00,2383.08,PGE
2018-06-26 19:00:00,2413.02,PGE
2018-06-26 20:00:00,2434.05,PGE
2018-06-26 21:00:00,2452.47,PGE
2018-06-26 22:00:00,2459.03,PGE
2018-06-26 23:00:00,2458.88,PGE
2018-06-27 00:00:00,2516.95,PGE
2018-06-27 01:00:00,2542.22,PGE
2018-06-27 02:00:00,2534.77,PGE
2018-06-27 03:00:00,2476.78,PGE
2018-06-27 04:00:00,2427.15,PGE
2018-06-27 05:00:00,2287.5,PGE
2018-06-27 06:00:00,2096.91,PGE
2018-06-27 07:00:00,1924.02,PGE
2018-06-27 08:00:00,1759.7,PGE
2018-06-27 09:00:00,1639.48,PGE
2018-06-27 10:00:00,1583.72,PGE
2018-06-27 11:00:00,1578.22,PGE
2018-06-27 12:00:00,1635.22,PGE
2018-06-27 13:00:00,1900.02,PGE
2018-06-27 14:00:00,2136.19,PGE
2018-06-27 15:00:00,2250.34,PGE
2018-06-27 16:00:00,2320.34,PGE
2018-06-27 17:00:00,2393.06,PGE
2018-06-27 18:00:00,2434.07,PGE
2018-06-27 19:00:00,2473.82,PGE
2018-06-27 20:00:00,2509.36,PGE
2018-06-27 21:00:00,2529.33,PGE
2018-06-27 22:00:00,2521.95,PGE
2018-06-27 23:00:00,2456.47,PGE
2018-06-28 00:00:00,2502.76,PGE
2018-06-28 01:00:00,2449.31,PGE
2018-06-28 02:00:00,2378.93,PGE
2018-06-28 03:00:00,2399.5,PGE
2018-06-28 04:00:00,2398.21,PGE
2018-06-28 05:00:00,2262.5,PGE
2018-06-28 06:00:00,2088.16,PGE
2018-06-28 07:00:00,1910.99,PGE
2018-06-28 08:00:00,1747.76,PGE
2018-06-28 09:00:00,1634.62,PGE
2018-06-28 10:00:00,1578.41,PGE
2018-06-28 11:00:00,1566.31,PGE
2018-06-28 12:00:00,1626.27,PGE
2018-06-28 13:00:00,1866.65,PGE
2018-06-28 14:00:00,2117.59,PGE
2018-06-28 15:00:00,2240.64,PGE
2018-06-28 16:00:00,2292.65,PGE
2018-06-28 17:00:00,2330.54,PGE
2018-06-28 18:00:00,2349.73,PGE
2018-06-28 19:00:00,2371.58,PGE
2018-06-28 20:00:00,2394.59,PGE
2018-06-28 21:00:00,2397.0,PGE
2018-06-28 22:00:00,2408.26,PGE
2018-06-28 23:00:00,2412.52,PGE
2018-06-29 00:00:00,2426.18,PGE
2018-06-29 01:00:00,2441.94,PGE
2018-06-29 02:00:00,2473.78,PGE
2018-06-29 03:00:00,2488.22,PGE
2018-06-29 04:00:00,2474.05,PGE
2018-06-29 05:00:00,2336.49,PGE
2018-06-29 06:00:00,2135.38,PGE
2018-06-29 07:00:00,1948.16,PGE
2018-06-29 08:00:00,1783.17,PGE
2018-06-29 09:00:00,1656.95,PGE
2018-06-29 10:00:00,1603.87,PGE
2018-06-29 11:00:00,1594.97,PGE
2018-06-29 12:00:00,1652.61,PGE
2018-06-29 13:00:00,1887.88,PGE
2018-06-29 14:00:00,2115.32,PGE
2018-06-29 15:00:00,2242.81,PGE
2018-06-29 16:00:00,2326.75,PGE
2018-06-29 17:00:00,2399.78,PGE
2018-06-29 18:00:00,2462.81,PGE
2018-06-29 19:00:00,2505.58,PGE
2018-06-29 20:00:00,2534.5,PGE
2018-06-29 21:00:00,2562.33,PGE
2018-06-29 22:00:00,2587.47,PGE
2018-06-29 23:00:00,2601.54,PGE
2018-06-30 00:00:00,2602.04,PGE
2018-06-30 01:00:00,2646.21,PGE
2018-06-30 02:00:00,2620.15,PGE
2018-06-30 03:00:00,2547.11,PGE
2018-06-30 04:00:00,2467.96,PGE
2018-06-30 05:00:00,2356.64,PGE
2018-06-30 06:00:00,2179.33,PGE
2018-06-30 07:00:00,1977.33,PGE
2018-06-30 08:00:00,1837.45,PGE
2018-06-30 09:00:00,1729.26,PGE
2018-06-30 10:00:00,1651.29,PGE
2018-06-30 11:00:00,1605.73,PGE
2018-06-30 12:00:00,1587.21,PGE
2018-06-30 13:00:00,1640.11,PGE
2018-06-30 14:00:00,1772.97,PGE
2018-06-30 15:00:00,1858.44,PGE
2018-06-30 16:00:00,1985.47,PGE
2018-06-30 17:00:00,2108.58,PGE
2018-06-30 18:00:00,2208.46,PGE
2018-06-30 19:00:00,2265.58,PGE
2018-06-30 20:00:00,2302.67,PGE
2018-06-30 21:00:00,2334.29,PGE
2018-06-30 22:00:00,2365.3,PGE
2018-06-30 23:00:00,2391.61,PGE
2018-07-01 00:00:00,2703.32,PGE
2018-07-01 01:00:00,2723.98,PGE
2018-07-01 02:00:00,2702.53,PGE
2018-07-01 03:00:00,2619.4,PGE
2018-07-01 04:00:00,2488.19,PGE
2018-07-01 05:00:00,2365.32,PGE
2018-07-01 06:00:00,2208.42,PGE
2018-07-01 07:00:00,2046.91,PGE
2018-07-01 08:00:00,1883.45,PGE
2018-07-01 09:00:00,1778.87,PGE
2018-07-01 10:00:00,1705.47,PGE
2018-07-01 11:00:00,1679.61,PGE
2018-07-01 12:00:00,1673.43,PGE
2018-07-01 13:00:00,1725.99,PGE
2018-07-01 14:00:00,1866.94,PGE
2018-07-01 15:00:00,1952.77,PGE
2018-07-01 16:00:00,2056.67,PGE
2018-07-01 17:00:00,2173.26,PGE
2018-07-01 18:00:00,2250.37,PGE
2018-07-01 19:00:00,2305.17,PGE
2018-07-01 20:00:00,2315.05,PGE
2018-07-01 21:00:00,2314.49,PGE
2018-07-01 22:00:00,2291.83,PGE
2018-07-01 23:00:00,2252.88,PGE
2018-07-02 00:00:00,2582.72,PGE
2018-07-02 01:00:00,2554.56,PGE
2018-07-02 02:00:00,2498.81,PGE
2018-07-02 03:00:00,2475.13,PGE
2018-07-02 04:00:00,2475.85,PGE
2018-07-02 05:00:00,2324.59,PGE
2018-07-02 06:00:00,2116.48,PGE
2018-07-02 07:00:00,1920.46,PGE
2018-07-02 08:00:00,1750.71,PGE
2018-07-02 09:00:00,1637.7,PGE
2018-07-02 10:00:00,1596.03,PGE
2018-07-02 11:00:00,1587.21,PGE
2018-07-02 12:00:00,1647.53,PGE
2018-07-02 13:00:00,1839.86,PGE
2018-07-02 14:00:00,2103.49,PGE
2018-07-02 15:00:00,2235.71,PGE
2018-07-02 16:00:00,2334.5,PGE
2018-07-02 17:00:00,2371.64,PGE
2018-07-02 18:00:00,2399.35,PGE
2018-07-02 19:00:00,2416.23,PGE
2018-07-02 20:00:00,2446.37,PGE
2018-07-02 21:00:00,2455.99,PGE
2018-07-02 22:00:00,2421.7,PGE
2018-07-02 23:00:00,2383.2,PGE
2018-07-03 00:00:00,2513.1,PGE
2018-07-03 01:00:00,2455.23,PGE
2018-07-03 02:00:00,2402.3,PGE
2018-07-03 03:00:00,2370.26,PGE
2018-07-03 04:00:00,2372.47,PGE
2018-07-03 05:00:00,2217.97,PGE
2018-07-03 06:00:00,2035.7,PGE
2018-07-03 07:00:00,1867.43,PGE
2018-07-03 08:00:00,1711.75,PGE
2018-07-03 09:00:00,1606.31,PGE
2018-07-03 10:00:00,1562.18,PGE
2018-07-03 11:00:00,1563.4,PGE
2018-07-03 12:00:00,1633.21,PGE
2018-07-03 13:00:00,1912.15,PGE
2018-07-03 14:00:00,2137.76,PGE
2018-07-03 15:00:00,2233.22,PGE
2018-07-03 16:00:00,2294.27,PGE
2018-07-03 17:00:00,2353.26,PGE
2018-07-03 18:00:00,2395.13,PGE
2018-07-03 19:00:00,2435.71,PGE
2018-07-03 20:00:00,2476.3,PGE
2018-07-03 21:00:00,2504.7,PGE
2018-07-03 22:00:00,2529.63,PGE
2018-07-03 23:00:00,2542.45,PGE
2018-07-04 00:00:00,2399.72,PGE
2018-07-04 01:00:00,2410.88,PGE
2018-07-04 02:00:00,2415.48,PGE
2018-07-04 03:00:00,2445.67,PGE
2018-07-04 04:00:00,2376.06,PGE
2018-07-04 05:00:00,2235.61,PGE
2018-07-04 06:00:00,2077.06,PGE
2018-07-04 07:00:00,1932.7,PGE
2018-07-04 08:00:00,1786.66,PGE
2018-07-04 09:00:00,1650.92,PGE
2018-07-04 10:00:00,1556.17,PGE
2018-07-04 11:00:00,1518.65,PGE
2018-07-04 12:00:00,1523.74,PGE
2018-07-04 13:00:00,1614.18,PGE
2018-07-04 14:00:00,1894.86,PGE
2018-07-04 15:00:00,2002.28,PGE
2018-07-04 16:00:00,2097.23,PGE
2018-07-04 17:00:00,2202.71,PGE
2018-07-04 18:00:00,2287.92,PGE
2018-07-04 19:00:00,2352.02,PGE
2018-07-04 20:00:00,2403.11,PGE
2018-07-04 21:00:00,2443.38,PGE
2018-07-04 22:00:00,2430.41,PGE
2018-07-04 23:00:00,2457.16,PGE
2018-07-05 00:00:00,2798.77,PGE
2018-07-05 01:00:00,2802.6,PGE
2018-07-05 02:00:00,2838.47,PGE
2018-07-05 03:00:00,2820.62,PGE
2018-07-05 04:00:00,2717.23,PGE
2018-07-05 05:00:00,2556.35,PGE
2018-07-05 06:00:00,2353.66,PGE
2018-07-05 07:00:00,2167.36,PGE
2018-07-05 08:00:00,1978.96,PGE
2018-07-05 09:00:00,1825.94,PGE
2018-07-05 10:00:00,1734.65,PGE
2018-07-05 11:00:00,1710.44,PGE
2018-07-05 12:00:00,1735.51,PGE
2018-07-05 13:00:00,1924.51,PGE
2018-07-05 14:00:00,2146.1,PGE
2018-07-05 15:00:00,2327.46,PGE
2018-07-05 16:00:00,2433.28,PGE
2018-07-05 17:00:00,2521.04,PGE
2018-07-05 18:00:00,2615.7,PGE
2018-07-05 19:00:00,2703.75,PGE
2018-07-05 20:00:00,2788.95,PGE
2018-07-05 21:00:00,2862.16,PGE
2018-07-05 22:00:00,2902.49,PGE
2018-07-05 23:00:00,2941.99,PGE
2018-07-06 00:00:00,3029.89,PGE
2018-07-06 01:00:00,3102.64,PGE
2018-07-06 02:00:00,3098.82,PGE
2018-07-06 03:00:00,3054.7,PGE
2018-07-06 04:00:00,2913.02,PGE
2018-07-06 05:00:00,2746.83,PGE
2018-07-06 06:00:00,2467.56,PGE
2018-07-06 07:00:00,2256.26,PGE
2018-07-06 08:00:00,2052.05,PGE
2018-07-06 09:00:00,1885.4,PGE
2018-07-06 10:00:00,1797.48,PGE
2018-07-06 11:00:00,1789.05,PGE
2018-07-06 12:00:00,1797.41,PGE
2018-07-06 13:00:00,1932.48,PGE
2018-07-06 14:00:00,2192.15,PGE
2018-07-06 15:00:00,2340.14,PGE
2018-07-06 16:00:00,2422.11,PGE
2018-07-06 17:00:00,2497.94,PGE
2018-07-06 18:00:00,2576.86,PGE
2018-07-06 19:00:00,2649.52,PGE
2018-07-06 20:00:00,2680.84,PGE
2018-07-06 21:00:00,2701.46,PGE
2018-07-06 22:00:00,2693.28,PGE
2018-07-06 23:00:00,2646.67,PGE
2018-07-07 00:00:00,2633.5,PGE
2018-07-07 01:00:00,2581.54,PGE
2018-07-07 02:00:00,2550.88,PGE
2018-07-07 03:00:00,2535.53,PGE
2018-07-07 04:00:00,2483.9,PGE
2018-07-07 05:00:00,2347.67,PGE
2018-07-07 06:00:00,2200.82,PGE
2018-07-07 07:00:00,2007.81,PGE
2018-07-07 08:00:00,1854.2,PGE
2018-07-07 09:00:00,1751.44,PGE
2018-07-07 10:00:00,1666.54,PGE
2018-07-07 11:00:00,1619.35,PGE
2018-07-07 12:00:00,1612.11,PGE
2018-07-07 13:00:00,1654.58,PGE
2018-07-07 14:00:00,1788.91,PGE
2018-07-07 15:00:00,1886.31,PGE
2018-07-07 16:00:00,1993.59,PGE
2018-07-07 17:00:00,2116.52,PGE
2018-07-07 18:00:00,2197.74,PGE
2018-07-07 19:00:00,2287.38,PGE
2018-07-07 20:00:00,2337.73,PGE
2018-07-07 21:00:00,2355.2,PGE
2018-07-07 22:00:00,2366.99,PGE
2018-07-07 23:00:00,2374.65,PGE
2018-07-08 00:00:00,2684.78,PGE
2018-07-08 01:00:00,2698.0,PGE
2018-07-08 02:00:00,2689.01,PGE
2018-07-08 03:00:00,2644.39,PGE
2018-07-08 04:00:00,2566.72,PGE
2018-07-08 05:00:00,2445.36,PGE
2018-07-08 06:00:00,2271.66,PGE
2018-07-08 07:00:00,2063.99,PGE
2018-07-08 08:00:00,1898.24,PGE
2018-07-08 09:00:00,1774.93,PGE
2018-07-08 10:00:00,1693.78,PGE
2018-07-08 11:00:00,1637.48,PGE
2018-07-08 12:00:00,1620.63,PGE
2018-07-08 13:00:00,1657.97,PGE
2018-07-08 14:00:00,1797.96,PGE
2018-07-08 15:00:00,1927.65,PGE
2018-07-08 16:00:00,2070.84,PGE
2018-07-08 17:00:00,2219.48,PGE
2018-07-08 18:00:00,2344.57,PGE
2018-07-08 19:00:00,2430.88,PGE
2018-07-08 20:00:00,2498.97,PGE
2018-07-08 21:00:00,2558.87,PGE
2018-07-08 22:00:00,2595.16,PGE
2018-07-08 23:00:00,2601.25,PGE
2018-07-09 00:00:00,2986.27,PGE
2018-07-09 01:00:00,3020.76,PGE
2018-07-09 02:00:00,3012.56,PGE
2018-07-09 03:00:00,2954.52,PGE
2018-07-09 04:00:00,2826.46,PGE
2018-07-09 05:00:00,2658.68,PGE
2018-07-09 06:00:00,2409.56,PGE
2018-07-09 07:00:00,2168.56,PGE
2018-07-09 08:00:00,1949.49,PGE
2018-07-09 09:00:00,1808.08,PGE
2018-07-09 10:00:00,1731.81,PGE
2018-07-09 11:00:00,1712.41,PGE
2018-07-09 12:00:00,1734.59,PGE
2018-07-09 13:00:00,1899.62,PGE
2018-07-09 14:00:00,2117.07,PGE
2018-07-09 15:00:00,2285.38,PGE
2018-07-09 16:00:00,2372.29,PGE
2018-07-09 17:00:00,2454.12,PGE
2018-07-09 18:00:00,2528.75,PGE
2018-07-09 19:00:00,2613.13,PGE
2018-07-09 20:00:00,2670.26,PGE
2018-07-09 21:00:00,2717.44,PGE
2018-07-09 22:00:00,2750.84,PGE
2018-07-09 23:00:00,2776.1,PGE
2018-07-10 00:00:00,2840.65,PGE
2018-07-10 01:00:00,2848.8,PGE
2018-07-10 02:00:00,2816.98,PGE
2018-07-10 03:00:00,2707.29,PGE
2018-07-10 04:00:00,2606.1,PGE
2018-07-10 05:00:00,2446.5,PGE
2018-07-10 06:00:00,2230.69,PGE
2018-07-10 07:00:00,2021.82,PGE
2018-07-10 08:00:00,1827.97,PGE
2018-07-10 09:00:00,1699.05,PGE
2018-07-10 10:00:00,1661.95,PGE
2018-07-10 11:00:00,1652.33,PGE
2018-07-10 12:00:00,1698.53,PGE
2018-07-10 13:00:00,1838.6,PGE
2018-07-10 14:00:00,2062.88,PGE
2018-07-10 15:00:00,2230.57,PGE
2018-07-10 16:00:00,2326.88,PGE
2018-07-10 17:00:00,2393.43,PGE
2018-07-10 18:00:00,2422.28,PGE
2018-07-10 19:00:00,2446.35,PGE
2018-07-10 20:00:00,2464.22,PGE
2018-07-10 21:00:00,2474.3,PGE
2018-07-10 22:00:00,2512.04,PGE
2018-07-10 23:00:00,2527.87,PGE
2018-07-11 00:00:00,2576.29,PGE
2018-07-11 01:00:00,2615.8,PGE
2018-07-11 02:00:00,2669.16,PGE
2018-07-11 03:00:00,2700.13,PGE
2018-07-11 04:00:00,2640.0,PGE
2018-07-11 05:00:00,2513.73,PGE
2018-07-11 06:00:00,2309.05,PGE
2018-07-11 07:00:00,2093.26,PGE
2018-07-11 08:00:00,1894.88,PGE
2018-07-11 09:00:00,1752.67,PGE
2018-07-11 10:00:00,1675.8,PGE
2018-07-11 11:00:00,1668.84,PGE
2018-07-11 12:00:00,1706.81,PGE
2018-07-11 13:00:00,1880.71,PGE
2018-07-11 14:00:00,2115.24,PGE
2018-07-11 15:00:00,2299.68,PGE
2018-07-11 16:00:00,2425.44,PGE
2018-07-11 17:00:00,2531.74,PGE
2018-07-11 18:00:00,2644.64,PGE
2018-07-11 19:00:00,2742.72,PGE
2018-07-11 20:00:00,2841.7,PGE
2018-07-11 21:00:00,2918.02,PGE
2018-07-11 22:00:00,2975.77,PGE
2018-07-11 23:00:00,3017.84,PGE
2018-07-12 00:00:00,3179.14,PGE
2018-07-12 01:00:00,3263.69,PGE
2018-07-12 02:00:00,3267.41,PGE
2018-07-12 03:00:00,3218.25,PGE
2018-07-12 04:00:00,3113.13,PGE
2018-07-12 05:00:00,2973.6,PGE
2018-07-12 06:00:00,2720.16,PGE
2018-07-12 07:00:00,2490.65,PGE
2018-07-12 08:00:00,2274.46,PGE
2018-07-12 09:00:00,2096.08,PGE
2018-07-12 10:00:00,1957.91,PGE
2018-07-12 11:00:00,1900.87,PGE
2018-07-12 12:00:00,1902.73,PGE
2018-07-12 13:00:00,2010.58,PGE
2018-07-12 14:00:00,2303.65,PGE
2018-07-12 15:00:00,2556.84,PGE
2018-07-12 16:00:00,2716.8,PGE
2018-07-12 17:00:00,2870.05,PGE
2018-07-12 18:00:00,3030.17,PGE
2018-07-12 19:00:00,3159.93,PGE
2018-07-12 20:00:00,3251.06,PGE
2018-07-12 21:00:00,3325.0,PGE
2018-07-12 22:00:00,3383.34,PGE
2018-07-12 23:00:00,3430.67,PGE
2018-07-13 00:00:00,3596.53,PGE
2018-07-13 01:00:00,3638.79,PGE
2018-07-13 02:00:00,3577.85,PGE
2018-07-13 03:00:00,3458.82,PGE
2018-07-13 04:00:00,3292.91,PGE
2018-07-13 05:00:00,3120.99,PGE
2018-07-13 06:00:00,2831.12,PGE
2018-07-13 07:00:00,2559.66,PGE
2018-07-13 08:00:00,2313.95,PGE
2018-07-13 09:00:00,2116.86,PGE
2018-07-13 10:00:00,1964.81,PGE
2018-07-13 11:00:00,1902.18,PGE
2018-07-13 12:00:00,1896.77,PGE
2018-07-13 13:00:00,2024.96,PGE
2018-07-13 14:00:00,2253.17,PGE
2018-07-13 15:00:00,2439.85,PGE
2018-07-13 16:00:00,2536.71,PGE
2018-07-13 17:00:00,2636.01,PGE
2018-07-13 18:00:00,2757.56,PGE
2018-07-13 19:00:00,2888.4,PGE
2018-07-13 20:00:00,2994.37,PGE
2018-07-13 21:00:00,3058.76,PGE
2018-07-13 22:00:00,3105.39,PGE
2018-07-13 23:00:00,3118.21,PGE
2018-07-14 00:00:00,3159.0,PGE
2018-07-14 01:00:00,3153.71,PGE
2018-07-14 02:00:00,3084.12,PGE
2018-07-14 03:00:00,2922.19,PGE
2018-07-14 04:00:00,2756.09,PGE
2018-07-14 05:00:00,2588.37,PGE
2018-07-14 06:00:00,2370.83,PGE
2018-07-14 07:00:00,2151.2,PGE
2018-07-14 08:00:00,1969.03,PGE
2018-07-14 09:00:00,1832.51,PGE
2018-07-14 10:00:00,1739.05,PGE
2018-07-14 11:00:00,1675.95,PGE
2018-07-14 12:00:00,1656.03,PGE
2018-07-14 13:00:00,1685.86,PGE
2018-07-14 14:00:00,1827.59,PGE
2018-07-14 15:00:00,1952.87,PGE
2018-07-14 16:00:00,2086.25,PGE
2018-07-14 17:00:00,2243.54,PGE
2018-07-14 18:00:00,2364.36,PGE
2018-07-14 19:00:00,2472.8,PGE
2018-07-14 20:00:00,2580.36,PGE
2018-07-14 21:00:00,2680.36,PGE
2018-07-14 22:00:00,2781.26,PGE
2018-07-14 23:00:00,2871.56,PGE
2018-07-15 00:00:00,3270.3,PGE
2018-07-15 01:00:00,3347.17,PGE
2018-07-15 02:00:00,3366.82,PGE
2018-07-15 03:00:00,3296.99,PGE
2018-07-15 04:00:00,3117.58,PGE
2018-07-15 05:00:00,2990.6,PGE
2018-07-15 06:00:00,2736.74,PGE
2018-07-15 07:00:00,2496.7,PGE
2018-07-15 08:00:00,2298.48,PGE
2018-07-15 09:00:00,2147.23,PGE
2018-07-15 10:00:00,2025.94,PGE
2018-07-15 11:00:00,1924.05,PGE
2018-07-15 12:00:00,1871.73,PGE
2018-07-15 13:00:00,1896.21,PGE
2018-07-15 14:00:00,2011.68,PGE
2018-07-15 15:00:00,2207.17,PGE
2018-07-15 16:00:00,2423.91,PGE
2018-07-15 17:00:00,2621.91,PGE
2018-07-15 18:00:00,2757.3,PGE
2018-07-15 19:00:00,2883.08,PGE
2018-07-15 20:00:00,2991.41,PGE
2018-07-15 21:00:00,3092.91,PGE
2018-07-15 22:00:00,3175.41,PGE
2018-07-15 23:00:00,3223.23,PGE
2018-07-16 00:00:00,3696.62,PGE
2018-07-16 01:00:00,3783.7,PGE
2018-07-16 02:00:00,3750.79,PGE
2018-07-16 03:00:00,3631.3,PGE
2018-07-16 04:00:00,3431.77,PGE
2018-07-16 05:00:00,3237.68,PGE
2018-07-16 06:00:00,2921.98,PGE
2018-07-16 07:00:00,2622.38,PGE
2018-07-16 08:00:00,2364.51,PGE
2018-07-16 09:00:00,2183.32,PGE
2018-07-16 10:00:00,2060.11,PGE
2018-07-16 11:00:00,1997.29,PGE
2018-07-16 12:00:00,1980.93,PGE
2018-07-16 13:00:00,2064.54,PGE
2018-07-16 14:00:00,2333.93,PGE
2018-07-16 15:00:00,2542.31,PGE
2018-07-16 16:00:00,2649.31,PGE
2018-07-16 17:00:00,2745.54,PGE
2018-07-16 18:00:00,2895.89,PGE
2018-07-16 19:00:00,3023.81,PGE
2018-07-16 20:00:00,3127.37,PGE
2018-07-16 21:00:00,3219.89,PGE
2018-07-16 22:00:00,3284.95,PGE
2018-07-16 23:00:00,3333.72,PGE
2018-07-17 00:00:00,3465.97,PGE
2018-07-17 01:00:00,3513.66,PGE
2018-07-17 02:00:00,3470.69,PGE
2018-07-17 03:00:00,3329.32,PGE
2018-07-17 04:00:00,3119.32,PGE
2018-07-17 05:00:00,2911.52,PGE
2018-07-17 06:00:00,2609.1,PGE
2018-07-17 07:00:00,2366.91,PGE
2018-07-17 08:00:00,2151.01,PGE
2018-07-17 09:00:00,1997.78,PGE
2018-07-17 10:00:00,1889.43,PGE
2018-07-17 11:00:00,1850.51,PGE
2018-07-17 12:00:00,1850.29,PGE
2018-07-17 13:00:00,1969.82,PGE
2018-07-17 14:00:00,2203.74,PGE
2018-07-17 15:00:00,2400.78,PGE
2018-07-17 16:00:00,2496.46,PGE
2018-07-17 17:00:00,2577.28,PGE
2018-07-17 18:00:00,2684.42,PGE
2018-07-17 19:00:00,2816.08,PGE
2018-07-17 20:00:00,2936.18,PGE
2018-07-17 21:00:00,3032.04,PGE
2018-07-17 22:00:00,3101.47,PGE
2018-07-17 23:00:00,3142.13,PGE
2018-07-18 00:00:00,3231.36,PGE
2018-07-18 01:00:00,3232.93,PGE
2018-07-18 02:00:00,3140.34,PGE
2018-07-18 03:00:00,3041.21,PGE
2018-07-18 04:00:00,2888.83,PGE
2018-07-18 05:00:00,2763.14,PGE
2018-07-18 06:00:00,2506.18,PGE
2018-07-18 07:00:00,2263.48,PGE
2018-07-18 08:00:00,2049.74,PGE
2018-07-18 09:00:00,1887.6,PGE
2018-07-18 10:00:00,1798.26,PGE
2018-07-18 11:00:00,1773.16,PGE
2018-07-18 12:00:00,1790.11,PGE
2018-07-18 13:00:00,1904.56,PGE
2018-07-18 14:00:00,2151.65,PGE
2018-07-18 15:00:00,2308.49,PGE
2018-07-18 16:00:00,2406.6,PGE
2018-07-18 17:00:00,2475.62,PGE
2018-07-18 18:00:00,2546.51,PGE
2018-07-18 19:00:00,2633.05,PGE
2018-07-18 20:00:00,2711.08,PGE
2018-07-18 21:00:00,2776.52,PGE
2018-07-18 22:00:00,2837.3,PGE
2018-07-18 23:00:00,2878.74,PGE
2018-07-19 00:00:00,2944.07,PGE
2018-07-19 01:00:00,2975.33,PGE
2018-07-19 02:00:00,2932.24,PGE
2018-07-19 03:00:00,2852.25,PGE
2018-07-19 04:00:00,2735.36,PGE
2018-07-19 05:00:00,2585.45,PGE
2018-07-19 06:00:00,2352.15,PGE
2018-07-19 07:00:00,2139.42,PGE
2018-07-19 08:00:00,1916.3,PGE
2018-07-19 09:00:00,1755.44,PGE
2018-07-19 10:00:00,1677.62,PGE
2018-07-19 11:00:00,1665.05,PGE
2018-07-19 12:00:00,1698.33,PGE
2018-07-19 13:00:00,1845.83,PGE
2018-07-19 14:00:00,2082.02,PGE
2018-07-19 15:00:00,2255.62,PGE
2018-07-19 16:00:00,2356.32,PGE
2018-07-19 17:00:00,2428.57,PGE
2018-07-19 18:00:00,2491.3,PGE
2018-07-19 19:00:00,2548.84,PGE
2018-07-19 20:00:00,2597.53,PGE
2018-07-19 21:00:00,2624.52,PGE
2018-07-19 22:00:00,2624.92,PGE
2018-07-19 23:00:00,2599.38,PGE
2018-07-20 00:00:00,2681.29,PGE
2018-07-20 01:00:00,2674.59,PGE
2018-07-20 02:00:00,2613.11,PGE
2018-07-20 03:00:00,2545.29,PGE
2018-07-20 04:00:00,2491.46,PGE
2018-07-20 05:00:00,2358.45,PGE
2018-07-20 06:00:00,2147.54,PGE
2018-07-20 07:00:00,1952.34,PGE
2018-07-20 08:00:00,1769.37,PGE
2018-07-20 09:00:00,1655.09,PGE
2018-07-20 10:00:00,1603.82,PGE
2018-07-20 11:00:00,1593.89,PGE
2018-07-20 12:00:00,1646.13,PGE
2018-07-20 13:00:00,1826.31,PGE
2018-07-20 14:00:00,2096.68,PGE
2018-07-20 15:00:00,2226.24,PGE
2018-07-20 16:00:00,2312.3,PGE
2018-07-20 17:00:00,2362.32,PGE
2018-07-20 18:00:00,2417.64,PGE
2018-07-20 19:00:00,2466.14,PGE
2018-07-20 20:00:00,2520.97,PGE
2018-07-20 21:00:00,2561.1,PGE
2018-07-20 22:00:00,2575.85,PGE
2018-07-20 23:00:00,2553.54,PGE
2018-07-21 00:00:00,2595.19,PGE
2018-07-21 01:00:00,2549.7,PGE
2018-07-21 02:00:00,2472.47,PGE
2018-07-21 03:00:00,2387.63,PGE
2018-07-21 04:00:00,2325.4,PGE
2018-07-21 05:00:00,2227.93,PGE
2018-07-21 06:00:00,2090.43,PGE
2018-07-21 07:00:00,1904.39,PGE
2018-07-21 08:00:00,1749.28,PGE
2018-07-21 09:00:00,1657.65,PGE
2018-07-21 10:00:00,1586.8,PGE
2018-07-21 11:00:00,1555.48,PGE
2018-07-21 12:00:00,1552.69,PGE
2018-07-21 13:00:00,1577.09,PGE
2018-07-21 14:00:00,1767.81,PGE
2018-07-21 15:00:00,1863.74,PGE
2018-07-21 16:00:00,1976.73,PGE
2018-07-21 17:00:00,2097.39,PGE
2018-07-21 18:00:00,2196.65,PGE
2018-07-21 19:00:00,2275.36,PGE
2018-07-21 20:00:00,2322.32,PGE
2018-07-21 21:00:00,2346.4,PGE
2018-07-21 22:00:00,2353.91,PGE
2018-07-21 23:00:00,2340.99,PGE
2018-07-22 00:00:00,2699.25,PGE
2018-07-22 01:00:00,2675.35,PGE
2018-07-22 02:00:00,2641.64,PGE
2018-07-22 03:00:00,2581.27,PGE
2018-07-22 04:00:00,2484.05,PGE
2018-07-22 05:00:00,2360.36,PGE
2018-07-22 06:00:00,2194.73,PGE
2018-07-22 07:00:00,1995.68,PGE
2018-07-22 08:00:00,1834.38,PGE
2018-07-22 09:00:00,1734.43,PGE
2018-07-22 10:00:00,1656.73,PGE
2018-07-22 11:00:00,1609.82,PGE
2018-07-22 12:00:00,1596.66,PGE
2018-07-22 13:00:00,1624.78,PGE
2018-07-22 14:00:00,1792.33,PGE
2018-07-22 15:00:00,1912.01,PGE
2018-07-22 16:00:00,2073.66,PGE
2018-07-22 17:00:00,2240.13,PGE
2018-07-22 18:00:00,2354.04,PGE
2018-07-22 19:00:00,2460.95,PGE
2018-07-22 20:00:00,2563.24,PGE
2018-07-22 21:00:00,2651.45,PGE
2018-07-22 22:00:00,2736.35,PGE
2018-07-22 23:00:00,2801.16,PGE
2018-07-23 00:00:00,3290.22,PGE
2018-07-23 01:00:00,3380.28,PGE
2018-07-23 02:00:00,3393.92,PGE
2018-07-23 03:00:00,3302.55,PGE
2018-07-23 04:00:00,3121.83,PGE
2018-07-23 05:00:00,2947.15,PGE
2018-07-23 06:00:00,2641.27,PGE
2018-07-23 07:00:00,2369.36,PGE
2018-07-23 08:00:00,2139.22,PGE
2018-07-23 09:00:00,1972.38,PGE
2018-07-23 10:00:00,1880.45,PGE
2018-07-23 11:00:00,1848.98,PGE
2018-07-23 12:00:00,1868.33,PGE
2018-07-23 13:00:00,1940.32,PGE
2018-07-23 14:00:00,2238.71,PGE
2018-07-23 15:00:00,2446.11,PGE
2018-07-23 16:00:00,2557.92,PGE
2018-07-23 17:00:00,2645.74,PGE
2018-07-23 18:00:00,2777.4,PGE
2018-07-23 19:00:00,2914.82,PGE
2018-07-23 20:00:00,3034.83,PGE
2018-07-23 21:00:00,3138.29,PGE
2018-07-23 22:00:00,3209.8,PGE
2018-07-23 23:00:00,3262.23,PGE
2018-07-24 00:00:00,3391.87,PGE
2018-07-24 01:00:00,3445.07,PGE
2018-07-24 02:00:00,3438.23,PGE
2018-07-24 03:00:00,3350.27,PGE
2018-07-24 04:00:00,3162.0,PGE
2018-07-24 05:00:00,2974.31,PGE
2018-07-24 06:00:00,2688.36,PGE
2018-07-24 07:00:00,2430.95,PGE
2018-07-24 08:00:00,2175.6,PGE
2018-07-24 09:00:00,1992.57,PGE
2018-07-24 10:00:00,1875.53,PGE
2018-07-24 11:00:00,1831.61,PGE
2018-07-24 12:00:00,1826.81,PGE
2018-07-24 13:00:00,1905.82,PGE
2018-07-24 14:00:00,2203.51,PGE
2018-07-24 15:00:00,2403.51,PGE
2018-07-24 16:00:00,2513.53,PGE
2018-07-24 17:00:00,2608.07,PGE
2018-07-24 18:00:00,2728.44,PGE
2018-07-24 19:00:00,2864.81,PGE
2018-07-24 20:00:00,2973.32,PGE
2018-07-24 21:00:00,3044.15,PGE
2018-07-24 22:00:00,3091.67,PGE
2018-07-24 23:00:00,3118.24,PGE
2018-07-25 00:00:00,3291.72,PGE
2018-07-25 01:00:00,3372.26,PGE
2018-07-25 02:00:00,3409.17,PGE
2018-07-25 03:00:00,3353.06,PGE
2018-07-25 04:00:00,3155.8,PGE
2018-07-25 05:00:00,2964.11,PGE
2018-07-25 06:00:00,2672.48,PGE
2018-07-25 07:00:00,2412.49,PGE
2018-07-25 08:00:00,2172.58,PGE
2018-07-25 09:00:00,1990.87,PGE
2018-07-25 10:00:00,1866.83,PGE
2018-07-25 11:00:00,1828.38,PGE
2018-07-25 12:00:00,1840.42,PGE
2018-07-25 13:00:00,1913.29,PGE
2018-07-25 14:00:00,2204.52,PGE
2018-07-25 15:00:00,2406.8,PGE
2018-07-25 16:00:00,2514.09,PGE
2018-07-25 17:00:00,2610.68,PGE
2018-07-25 18:00:00,2740.3,PGE
2018-07-25 19:00:00,2897.76,PGE
2018-07-25 20:00:00,3029.07,PGE
2018-07-25 21:00:00,3147.46,PGE
2018-07-25 22:00:00,3226.76,PGE
2018-07-25 23:00:00,3293.0,PGE
2018-07-26 00:00:00,3450.76,PGE
2018-07-26 01:00:00,3522.24,PGE
2018-07-26 02:00:00,3544.68,PGE
2018-07-26 03:00:00,3489.04,PGE
2018-07-26 04:00:00,3310.1,PGE
2018-07-26 05:00:00,3129.19,PGE
2018-07-26 06:00:00,2830.33,PGE
2018-07-26 07:00:00,2556.07,PGE
2018-07-26 08:00:00,2300.04,PGE
2018-07-26 09:00:00,2112.7,PGE
2018-07-26 10:00:00,1986.85,PGE
2018-07-26 11:00:00,1923.87,PGE
2018-07-26 12:00:00,1915.61,PGE
2018-07-26 13:00:00,1979.49,PGE
2018-07-26 14:00:00,2258.64,PGE
2018-07-26 15:00:00,2454.74,PGE
2018-07-26 16:00:00,2564.36,PGE
2018-07-26 17:00:00,2651.79,PGE
2018-07-26 18:00:00,2781.65,PGE
2018-07-26 19:00:00,2919.21,PGE
2018-07-26 20:00:00,3036.9,PGE
2018-07-26 21:00:00,3117.4,PGE
2018-07-26 22:00:00,3165.62,PGE
2018-07-26 23:00:00,3193.82,PGE
2018-07-27 00:00:00,3333.42,PGE
2018-07-27 01:00:00,3327.14,PGE
2018-07-27 02:00:00,3286.56,PGE
2018-07-27 03:00:00,3195.24,PGE
2018-07-27 04:00:00,3006.18,PGE
2018-07-27 05:00:00,2848.1,PGE
2018-07-27 06:00:00,2574.85,PGE
2018-07-27 07:00:00,2333.3,PGE
2018-07-27 08:00:00,2113.84,PGE
2018-07-27 09:00:00,1947.6,PGE
2018-07-27 10:00:00,1832.0,PGE
2018-07-27 11:00:00,1798.06,PGE
2018-07-27 12:00:00,1813.46,PGE
2018-07-27 13:00:00,1885.73,PGE
2018-07-27 14:00:00,2152.11,PGE
2018-07-27 15:00:00,2344.65,PGE
2018-07-27 16:00:00,2452.39,PGE
2018-07-27 17:00:00,2530.82,PGE
2018-07-27 18:00:00,2634.01,PGE
2018-07-27 19:00:00,2751.11,PGE
2018-07-27 20:00:00,2878.11,PGE
2018-07-27 21:00:00,2978.46,PGE
2018-07-27 22:00:00,3056.88,PGE
2018-07-27 23:00:00,3116.87,PGE
2018-07-28 00:00:00,3208.1,PGE
2018-07-28 01:00:00,3252.06,PGE
2018-07-28 02:00:00,3224.21,PGE
2018-07-28 03:00:00,3076.95,PGE
2018-07-28 04:00:00,2873.03,PGE
2018-07-28 05:00:00,2708.29,PGE
2018-07-28 06:00:00,2492.38,PGE
2018-07-28 07:00:00,2272.71,PGE
2018-07-28 08:00:00,2096.83,PGE
2018-07-28 09:00:00,1952.3,PGE
2018-07-28 10:00:00,1857.34,PGE
2018-07-28 11:00:00,1794.65,PGE
2018-07-28 12:00:00,1758.96,PGE
2018-07-28 13:00:00,1760.02,PGE
2018-07-28 14:00:00,1894.19,PGE
2018-07-28 15:00:00,2022.57,PGE
2018-07-28 16:00:00,2175.27,PGE
2018-07-28 17:00:00,2336.32,PGE
2018-07-28 18:00:00,2456.26,PGE
2018-07-28 19:00:00,2574.01,PGE
2018-07-28 20:00:00,2674.97,PGE
2018-07-28 21:00:00,2755.09,PGE
2018-07-28 22:00:00,2828.49,PGE
2018-07-28 23:00:00,2881.75,PGE
2018-07-29 00:00:00,3257.37,PGE
2018-07-29 01:00:00,3306.07,PGE
2018-07-29 02:00:00,3269.53,PGE
2018-07-29 03:00:00,3150.25,PGE
2018-07-29 04:00:00,2955.22,PGE
2018-07-29 05:00:00,2811.6,PGE
2018-07-29 06:00:00,2598.26,PGE
2018-07-29 07:00:00,2374.1,PGE
2018-07-29 08:00:00,2199.03,PGE
2018-07-29 09:00:00,2057.2,PGE
2018-07-29 10:00:00,1953.25,PGE
2018-07-29 11:00:00,1871.1,PGE
2018-07-29 12:00:00,1835.01,PGE
2018-07-29 13:00:00,1821.1,PGE
2018-07-29 14:00:00,1961.2,PGE
2018-07-29 15:00:00,2130.85,PGE
2018-07-29 16:00:00,2343.47,PGE
2018-07-29 17:00:00,2559.48,PGE
2018-07-29 18:00:00,2720.33,PGE
2018-07-29 19:00:00,2872.77,PGE
2018-07-29 20:00:00,3000.72,PGE
2018-07-29 21:00:00,3101.8,PGE
2018-07-29 22:00:00,3180.75,PGE
2018-07-29 23:00:00,3240.37,PGE
2018-07-30 00:00:00,3736.95,PGE
2018-07-30 01:00:00,3806.85,PGE
2018-07-30 02:00:00,3800.12,PGE
2018-07-30 03:00:00,3694.56,PGE
2018-07-30 04:00:00,3447.17,PGE
2018-07-30 05:00:00,3269.32,PGE
2018-07-30 06:00:00,2978.52,PGE
2018-07-30 07:00:00,2711.37,PGE
2018-07-30 08:00:00,2441.97,PGE
2018-07-30 09:00:00,2248.78,PGE
2018-07-30 10:00:00,2111.6,PGE
2018-07-30 11:00:00,2062.16,PGE
2018-07-30 12:00:00,2033.38,PGE
2018-07-30 13:00:00,2073.53,PGE
2018-07-30 14:00:00,2312.97,PGE
2018-07-30 15:00:00,2502.66,PGE
2018-07-30 16:00:00,2657.62,PGE
2018-07-30 17:00:00,2756.07,PGE
2018-07-30 18:00:00,2890.78,PGE
2018-07-30 19:00:00,3025.46,PGE
2018-07-30 20:00:00,3141.46,PGE
2018-07-30 21:00:00,3248.6,PGE
2018-07-30 22:00:00,3353.72,PGE
2018-07-30 23:00:00,3422.77,PGE
2018-07-31 00:00:00,3539.82,PGE
2018-07-31 01:00:00,3554.46,PGE
2018-07-31 02:00:00,3453.81,PGE
2018-07-31 03:00:00,3314.1,PGE
2018-07-31 04:00:00,3086.25,PGE
2018-07-31 05:00:00,2907.36,PGE
2018-07-31 06:00:00,2639.22,PGE
2018-07-31 07:00:00,2392.17,PGE
2018-07-31 08:00:00,2172.86,PGE
2018-07-31 09:00:00,2015.42,PGE
2018-07-31 10:00:00,1914.74,PGE
2018-07-31 11:00:00,1884.19,PGE
2018-07-31 12:00:00,1884.57,PGE
2018-07-31 13:00:00,1944.48,PGE
2018-07-31 14:00:00,2180.32,PGE
2018-07-31 15:00:00,2377.37,PGE
2018-07-31 16:00:00,2493.65,PGE
2018-07-31 17:00:00,2595.27,PGE
2018-07-31 18:00:00,2733.31,PGE
2018-07-31 19:00:00,2885.75,PGE
2018-07-31 20:00:00,3009.95,PGE
2018-07-31 21:00:00,3123.95,PGE
2018-07-31 22:00:00,3221.49,PGE
2018-07-31 23:00:00,3268.82,PGE
2018-08-01 00:00:00,3385.95,PGE
2018-08-01 01:00:00,3386.74,PGE
2018-08-01 02:00:00,3290.61,PGE
2018-08-01 03:00:00,3150.05,PGE
2018-08-01 04:00:00,2930.96,PGE
2018-08-01 05:00:00,2771.7,PGE
2018-08-01 06:00:00,2537.15,PGE
2018-08-01 07:00:00,2332.95,PGE
2018-08-01 08:00:00,2121.84,PGE
2018-08-01 09:00:00,1946.97,PGE
2018-08-01 10:00:00,1835.86,PGE
2018-08-01 11:00:00,1817.93,PGE
2018-08-01 12:00:00,1836.94,PGE
2018-08-01 13:00:00,1908.62,PGE
2018-08-01 14:00:00,2176.94,PGE
2018-08-01 15:00:00,2354.57,PGE
2018-08-01 16:00:00,2457.6,PGE
2018-08-01 17:00:00,2538.68,PGE
2018-08-01 18:00:00,2634.22,PGE
2018-08-01 19:00:00,2756.25,PGE
2018-08-01 20:00:00,2870.72,PGE
2018-08-01 21:00:00,2959.47,PGE
2018-08-01 22:00:00,3027.97,PGE
2018-08-01 23:00:00,3074.96,PGE
2018-08-02 00:00:00,3190.09,PGE
2018-08-02 01:00:00,3168.94,PGE
2018-08-02 02:00:00,3053.98,PGE
2018-08-02 03:00:00,2929.06,PGE
2018-08-02 04:00:00,2762.62,PGE
2018-08-02 05:00:00,2605.28,PGE
2018-08-02 06:00:00,2377.48,PGE
2018-08-02 07:00:00,2136.09,PGE
2018-08-02 08:00:00,1938.41,PGE
2018-08-02 09:00:00,1795.8,PGE
2018-08-02 10:00:00,1717.38,PGE
2018-08-02 11:00:00,1711.26,PGE
2018-08-02 12:00:00,1741.47,PGE
2018-08-02 13:00:00,1827.08,PGE
2018-08-02 14:00:00,2083.17,PGE
2018-08-02 15:00:00,2235.26,PGE
2018-08-02 16:00:00,2317.74,PGE
2018-08-02 17:00:00,2383.0,PGE
2018-08-02 18:00:00,2429.79,PGE
2018-08-02 19:00:00,2495.41,PGE
2018-08-02 20:00:00,2561.34,PGE
2018-08-02 21:00:00,2601.78,PGE
2018-08-02 22:00:00,2623.86,PGE
2018-08-02 23:00:00,2628.8,PGE
2018-08-03 00:00:00,2700.94,PGE
2018-08-03 01:00:00,2700.54,PGE
2018-08-03 02:00:00,2670.05,PGE
2018-08-03 03:00:00,2657.13,PGE
2018-08-03 04:00:00,2594.86,PGE
2018-08-03 05:00:00,2446.29,PGE
2018-08-03 06:00:00,2211.78,PGE
2018-08-03 07:00:00,2036.47,PGE
2018-08-03 08:00:00,1861.33,PGE
2018-08-03 09:00:00,1746.58,PGE
2018-08-03 10:00:00,1710.85,PGE
2018-08-03 11:00:00,1709.97,PGE
2018-08-03 12:00:00,1768.53,PGE
2018-08-03 13:00:00,1880.17,PGE
2018-08-03 14:00:00,2112.05,PGE
2018-08-03 15:00:00,2277.5,PGE
2018-08-03 16:00:00,2372.11,PGE
2018-08-03 17:00:00,2422.99,PGE
2018-08-03 18:00:00,2450.76,PGE
2018-08-03 19:00:00,2501.31,PGE
2018-08-03 20:00:00,2576.16,PGE
2018-08-03 21:00:00,2617.62,PGE
2018-08-03 22:00:00,2628.01,PGE
2018-08-03 23:00:00,2606.59,PGE
2018-08-04 00:00:00,2642.09,PGE
2018-08-04 01:00:00,2626.27,PGE
2018-08-04 02:00:00,2599.45,PGE
2018-08-04 03:00:00,2552.18,PGE
2018-08-04 04:00:00,2478.91,PGE
2018-08-04 05:00:00,2374.76,PGE
2018-08-04 06:00:00,2208.94,PGE
2018-08-04 07:00:00,2015.59,PGE
2018-08-04 08:00:00,1862.11,PGE
2018-08-04 09:00:00,1761.42,PGE
2018-08-04 10:00:00,1684.93,PGE
2018-08-04 11:00:00,1642.7,PGE
2018-08-04 12:00:00,1631.17,PGE
2018-08-04 13:00:00,1636.09,PGE
2018-08-04 14:00:00,1781.74,PGE
2018-08-04 15:00:00,1898.25,PGE
2018-08-04 16:00:00,2011.69,PGE
2018-08-04 17:00:00,2173.24,PGE
2018-08-04 18:00:00,2285.02,PGE
2018-08-04 19:00:00,2394.53,PGE
2018-08-04 20:00:00,2466.1,PGE
2018-08-04 21:00:00,2520.33,PGE
2018-08-04 22:00:00,2556.35,PGE
2018-08-04 23:00:00,2587.33,PGE
2018-08-05 00:00:00,2966.85,PGE
2018-08-05 01:00:00,2992.77,PGE
2018-08-05 02:00:00,2987.73,PGE
2018-08-05 03:00:00,2892.13,PGE
2018-08-05 04:00:00,2738.86,PGE
2018-08-05 05:00:00,2597.13,PGE
2018-08-05 06:00:00,2383.07,PGE
2018-08-05 07:00:00,2163.23,PGE
2018-08-05 08:00:00,1983.31,PGE
2018-08-05 09:00:00,1840.99,PGE
2018-08-05 10:00:00,1753.39,PGE
2018-08-05 11:00:00,1710.28,PGE
2018-08-05 12:00:00,1682.99,PGE
2018-08-05 13:00:00,1682.66,PGE
2018-08-05 14:00:00,1823.34,PGE
2018-08-05 15:00:00,1950.48,PGE
2018-08-05 16:00:00,2079.42,PGE
2018-08-05 17:00:00,2231.65,PGE
2018-08-05 18:00:00,2381.0,PGE
2018-08-05 19:00:00,2523.19,PGE
2018-08-05 20:00:00,2645.04,PGE
2018-08-05 21:00:00,2730.47,PGE
2018-08-05 22:00:00,2773.4,PGE
2018-08-05 23:00:00,2795.42,PGE
2018-08-06 00:00:00,3256.66,PGE
2018-08-06 01:00:00,3287.82,PGE
2018-08-06 02:00:00,3272.95,PGE
2018-08-06 03:00:00,3199.26,PGE
2018-08-06 04:00:00,3009.64,PGE
2018-08-06 05:00:00,2842.19,PGE
2018-08-06 06:00:00,2550.3,PGE
2018-08-06 07:00:00,2289.39,PGE
2018-08-06 08:00:00,2085.57,PGE
2018-08-06 09:00:00,1919.61,PGE
2018-08-06 10:00:00,1820.83,PGE
2018-08-06 11:00:00,1786.96,PGE
2018-08-06 12:00:00,1809.38,PGE
2018-08-06 13:00:00,1887.26,PGE
2018-08-06 14:00:00,2144.02,PGE
2018-08-06 15:00:00,2356.35,PGE
2018-08-06 16:00:00,2460.98,PGE
2018-08-06 17:00:00,2547.68,PGE
2018-08-06 18:00:00,2650.27,PGE
2018-08-06 19:00:00,2811.01,PGE
2018-08-06 20:00:00,2968.71,PGE
2018-08-06 21:00:00,3095.14,PGE
2018-08-06 22:00:00,3192.82,PGE
2018-08-06 23:00:00,3264.13,PGE
2018-08-07 00:00:00,3421.94,PGE
2018-08-07 01:00:00,3466.91,PGE
2018-08-07 02:00:00,3431.1,PGE
2018-08-07 03:00:00,3323.2,PGE
2018-08-07 04:00:00,3109.62,PGE
2018-08-07 05:00:00,2900.37,PGE
2018-08-07 06:00:00,2612.28,PGE
2018-08-07 07:00:00,2362.1,PGE
2018-08-07 08:00:00,2133.98,PGE
2018-08-07 09:00:00,1960.45,PGE
2018-08-07 10:00:00,1852.62,PGE
2018-08-07 11:00:00,1825.71,PGE
2018-08-07 12:00:00,1843.59,PGE
2018-08-07 13:00:00,1917.42,PGE
2018-08-07 14:00:00,2182.8,PGE
2018-08-07 15:00:00,2402.74,PGE
2018-08-07 16:00:00,2517.74,PGE
2018-08-07 17:00:00,2635.37,PGE
2018-08-07 18:00:00,2824.59,PGE
2018-08-07 19:00:00,3024.38,PGE
2018-08-07 20:00:00,3198.81,PGE
2018-08-07 21:00:00,3343.07,PGE
2018-08-07 22:00:00,3468.22,PGE
2018-08-07 23:00:00,3541.48,PGE
2018-08-08 00:00:00,3723.56,PGE
2018-08-08 01:00:00,3768.28,PGE
2018-08-08 02:00:00,3739.66,PGE
2018-08-08 03:00:00,3612.84,PGE
2018-08-08 04:00:00,3402.66,PGE
2018-08-08 05:00:00,3199.65,PGE
2018-08-08 06:00:00,2867.45,PGE
2018-08-08 07:00:00,2571.05,PGE
2018-08-08 08:00:00,2334.94,PGE
2018-08-08 09:00:00,2161.24,PGE
2018-08-08 10:00:00,2031.35,PGE
2018-08-08 11:00:00,1975.17,PGE
2018-08-08 12:00:00,1986.68,PGE
2018-08-08 13:00:00,2052.37,PGE
2018-08-08 14:00:00,2277.45,PGE
2018-08-08 15:00:00,2517.55,PGE
2018-08-08 16:00:00,2674.01,PGE
2018-08-08 17:00:00,2782.37,PGE
2018-08-08 18:00:00,2939.76,PGE
2018-08-08 19:00:00,3091.0,PGE
2018-08-08 20:00:00,3246.36,PGE
2018-08-08 21:00:00,3385.62,PGE
2018-08-08 22:00:00,3487.81,PGE
2018-08-08 23:00:00,3559.35,PGE
2018-08-09 00:00:00,3726.39,PGE
2018-08-09 01:00:00,3724.76,PGE
2018-08-09 02:00:00,3657.51,PGE
2018-08-09 03:00:00,3503.01,PGE
2018-08-09 04:00:00,3286.67,PGE
2018-08-09 05:00:00,3083.91,PGE
2018-08-09 06:00:00,2805.8,PGE
2018-08-09 07:00:00,2569.26,PGE
2018-08-09 08:00:00,2340.14,PGE
2018-08-09 09:00:00,2164.21,PGE
2018-08-09 10:00:00,2032.71,PGE
2018-08-09 11:00:00,1981.88,PGE
2018-08-09 12:00:00,1983.63,PGE
2018-08-09 13:00:00,2042.7,PGE
2018-08-09 14:00:00,2263.35,PGE
2018-08-09 15:00:00,2480.61,PGE
2018-08-09 16:00:00,2627.58,PGE
2018-08-09 17:00:00,2725.39,PGE
2018-08-09 18:00:00,2878.68,PGE
2018-08-09 19:00:00,3050.9,PGE
2018-08-09 20:00:00,3197.75,PGE
2018-08-09 21:00:00,3322.01,PGE
2018-08-09 22:00:00,3426.43,PGE
2018-08-09 23:00:00,3500.35,PGE
2018-08-10 00:00:00,3687.35,PGE
2018-08-10 01:00:00,3760.92,PGE
2018-08-10 02:00:00,3754.38,PGE
2018-08-10 03:00:00,3581.03,PGE
2018-08-10 04:00:00,3334.23,PGE
2018-08-10 05:00:00,3131.38,PGE
2018-08-10 06:00:00,2819.19,PGE
2018-08-10 07:00:00,2556.08,PGE
2018-08-10 08:00:00,2320.56,PGE
2018-08-10 09:00:00,2149.09,PGE
2018-08-10 10:00:00,1990.6,PGE
2018-08-10 11:00:00,1939.05,PGE
2018-08-10 12:00:00,1940.93,PGE
2018-08-10 13:00:00,1999.17,PGE
2018-08-10 14:00:00,2229.65,PGE
2018-08-10 15:00:00,2435.18,PGE
2018-08-10 16:00:00,2574.35,PGE
2018-08-10 17:00:00,2698.81,PGE
2018-08-10 18:00:00,2858.21,PGE
2018-08-10 19:00:00,3013.02,PGE
2018-08-10 20:00:00,3127.27,PGE
2018-08-10 21:00:00,3213.91,PGE
2018-08-10 22:00:00,3251.16,PGE
2018-08-10 23:00:00,3219.77,PGE
2018-08-11 00:00:00,3219.95,PGE
2018-08-11 01:00:00,3154.41,PGE
2018-08-11 02:00:00,2996.96,PGE
2018-08-11 03:00:00,2775.25,PGE
2018-08-11 04:00:00,2637.62,PGE
2018-08-11 05:00:00,2501.29,PGE
2018-08-11 06:00:00,2313.9,PGE
2018-08-11 07:00:00,2124.31,PGE
2018-08-11 08:00:00,1948.24,PGE
2018-08-11 09:00:00,1845.01,PGE
2018-08-11 10:00:00,1773.38,PGE
2018-08-11 11:00:00,1735.89,PGE
2018-08-11 12:00:00,1732.43,PGE
2018-08-11 13:00:00,1750.97,PGE
2018-08-11 14:00:00,1802.78,PGE
2018-08-11 15:00:00,1934.84,PGE
2018-08-11 16:00:00,2062.23,PGE
2018-08-11 17:00:00,2196.1,PGE
2018-08-11 18:00:00,2333.56,PGE
2018-08-11 19:00:00,2452.11,PGE
2018-08-11 20:00:00,2490.45,PGE
2018-08-11 21:00:00,2494.72,PGE
2018-08-11 22:00:00,2489.67,PGE
2018-08-11 23:00:00,2462.82,PGE
2018-08-12 00:00:00,2781.98,PGE
2018-08-12 01:00:00,2734.88,PGE
2018-08-12 02:00:00,2699.5,PGE
2018-08-12 03:00:00,2654.1,PGE
2018-08-12 04:00:00,2577.56,PGE
2018-08-12 05:00:00,2447.26,PGE
2018-08-12 06:00:00,2299.26,PGE
2018-08-12 07:00:00,2127.8,PGE
2018-08-12 08:00:00,1960.18,PGE
2018-08-12 09:00:00,1843.4,PGE
2018-08-12 10:00:00,1761.36,PGE
2018-08-12 11:00:00,1714.03,PGE
2018-08-12 12:00:00,1702.26,PGE
2018-08-12 13:00:00,1691.06,PGE
2018-08-12 14:00:00,1804.14,PGE
2018-08-12 15:00:00,1938.95,PGE
2018-08-12 16:00:00,2045.09,PGE
2018-08-12 17:00:00,2186.48,PGE
2018-08-12 18:00:00,2289.0,PGE
2018-08-12 19:00:00,2381.56,PGE
2018-08-12 20:00:00,2440.32,PGE
2018-08-12 21:00:00,2496.56,PGE
2018-08-12 22:00:00,2548.53,PGE
2018-08-12 23:00:00,2593.36,PGE
2018-08-13 00:00:00,3027.17,PGE
2018-08-13 01:00:00,3063.61,PGE
2018-08-13 02:00:00,3076.38,PGE
2018-08-13 03:00:00,3008.14,PGE
2018-08-13 04:00:00,2865.74,PGE
2018-08-13 05:00:00,2702.35,PGE
2018-08-13 06:00:00,2492.15,PGE
2018-08-13 07:00:00,2285.56,PGE
2018-08-13 08:00:00,2090.88,PGE
2018-08-13 09:00:00,1939.47,PGE
2018-08-13 10:00:00,1841.02,PGE
2018-08-13 11:00:00,1817.15,PGE
2018-08-13 12:00:00,1833.16,PGE
2018-08-13 13:00:00,1906.73,PGE
2018-08-13 14:00:00,2160.81,PGE
2018-08-13 15:00:00,2381.65,PGE
2018-08-13 16:00:00,2533.33,PGE
2018-08-13 17:00:00,2681.11,PGE
2018-08-13 18:00:00,2847.13,PGE
2018-08-13 19:00:00,2992.23,PGE
2018-08-13 20:00:00,3093.57,PGE
2018-08-13 21:00:00,3170.19,PGE
2018-08-13 22:00:00,3225.09,PGE
2018-08-13 23:00:00,3270.93,PGE
2018-08-14 00:00:00,3466.14,PGE
2018-08-14 01:00:00,3506.9,PGE
2018-08-14 02:00:00,3469.58,PGE
2018-08-14 03:00:00,3367.2,PGE
2018-08-14 04:00:00,3215.93,PGE
2018-08-14 05:00:00,3014.91,PGE
2018-08-14 06:00:00,2736.31,PGE
2018-08-14 07:00:00,2479.77,PGE
2018-08-14 08:00:00,2234.69,PGE
2018-08-14 09:00:00,2034.91,PGE
2018-08-14 10:00:00,1908.68,PGE
2018-08-14 11:00:00,1855.65,PGE
2018-08-14 12:00:00,1865.55,PGE
2018-08-14 13:00:00,1935.5,PGE
2018-08-14 14:00:00,2175.82,PGE
2018-08-14 15:00:00,2427.6,PGE
2018-08-14 16:00:00,2568.07,PGE
2018-08-14 17:00:00,2657.04,PGE
2018-08-14 18:00:00,2800.24,PGE
2018-08-14 19:00:00,2946.03,PGE
2018-08-14 20:00:00,3059.0,PGE
2018-08-14 21:00:00,3147.11,PGE
2018-08-14 22:00:00,3219.52,PGE
2018-08-14 23:00:00,3279.63,PGE
2018-08-15 00:00:00,3504.6,PGE
2018-08-15 01:00:00,3573.76,PGE
2018-08-15 02:00:00,3605.91,PGE
2018-08-15 03:00:00,3469.11,PGE
2018-08-15 04:00:00,3296.46,PGE
2018-08-15 05:00:00,3077.96,PGE
2018-08-15 06:00:00,2734.99,PGE
2018-08-15 07:00:00,2485.89,PGE
2018-08-15 08:00:00,2256.01,PGE
2018-08-15 09:00:00,2066.23,PGE
2018-08-15 10:00:00,1947.23,PGE
2018-08-15 11:00:00,1914.71,PGE
2018-08-15 12:00:00,1929.13,PGE
2018-08-15 13:00:00,1991.67,PGE
2018-08-15 14:00:00,2212.65,PGE
2018-08-15 15:00:00,2414.81,PGE
2018-08-15 16:00:00,2541.56,PGE
2018-08-15 17:00:00,2627.38,PGE
2018-08-15 18:00:00,2755.14,PGE
2018-08-15 19:00:00,2911.54,PGE
2018-08-15 20:00:00,3062.06,PGE
2018-08-15 21:00:00,3203.22,PGE
2018-08-15 22:00:00,3335.15,PGE
2018-08-15 23:00:00,3410.88,PGE
2018-08-16 00:00:00,3528.62,PGE
2018-08-16 01:00:00,3544.95,PGE
2018-08-16 02:00:00,3455.04,PGE
2018-08-16 03:00:00,3283.99,PGE
2018-08-16 04:00:00,3060.33,PGE
2018-08-16 05:00:00,2833.53,PGE
2018-08-16 06:00:00,2542.75,PGE
2018-08-16 07:00:00,2306.51,PGE
2018-08-16 08:00:00,2093.53,PGE
2018-08-16 09:00:00,1935.69,PGE
2018-08-16 10:00:00,1846.69,PGE
2018-08-16 11:00:00,1808.28,PGE
2018-08-16 12:00:00,1836.19,PGE
2018-08-16 13:00:00,1906.54,PGE
2018-08-16 14:00:00,2123.54,PGE
2018-08-16 15:00:00,2322.76,PGE
2018-08-16 16:00:00,2422.91,PGE
2018-08-16 17:00:00,2499.78,PGE
2018-08-16 18:00:00,2599.44,PGE
2018-08-16 19:00:00,2708.25,PGE
2018-08-16 20:00:00,2852.2,PGE
2018-08-16 21:00:00,2953.44,PGE
2018-08-16 22:00:00,3029.45,PGE
2018-08-16 23:00:00,3043.54,PGE
2018-08-17 00:00:00,3137.0,PGE
2018-08-17 01:00:00,3083.29,PGE
2018-08-17 02:00:00,2943.98,PGE
2018-08-17 03:00:00,2802.14,PGE
2018-08-17 04:00:00,2669.87,PGE
2018-08-17 05:00:00,2504.92,PGE
2018-08-17 06:00:00,2266.78,PGE
2018-08-17 07:00:00,2043.42,PGE
2018-08-17 08:00:00,1860.23,PGE
2018-08-17 09:00:00,1718.4,PGE
2018-08-17 10:00:00,1649.14,PGE
2018-08-17 11:00:00,1659.76,PGE
2018-08-17 12:00:00,1695.12,PGE
2018-08-17 13:00:00,1801.04,PGE
2018-08-17 14:00:00,2038.74,PGE
2018-08-17 15:00:00,2216.35,PGE
2018-08-17 16:00:00,2324.3,PGE
2018-08-17 17:00:00,2379.38,PGE
2018-08-17 18:00:00,2443.85,PGE
2018-08-17 19:00:00,2518.05,PGE
2018-08-17 20:00:00,2565.42,PGE
2018-08-17 21:00:00,2604.76,PGE
2018-08-17 22:00:00,2624.71,PGE
2018-08-17 23:00:00,2611.57,PGE
2018-08-18 00:00:00,2721.59,PGE
2018-08-18 01:00:00,2672.31,PGE
2018-08-18 02:00:00,2607.62,PGE
2018-08-18 03:00:00,2495.43,PGE
2018-08-18 04:00:00,2393.38,PGE
2018-08-18 05:00:00,2269.55,PGE
2018-08-18 06:00:00,2104.31,PGE
2018-08-18 07:00:00,1937.13,PGE
2018-08-18 08:00:00,1784.26,PGE
2018-08-18 09:00:00,1689.38,PGE
2018-08-18 10:00:00,1627.2,PGE
2018-08-18 11:00:00,1598.25,PGE
2018-08-18 12:00:00,1598.25,PGE
2018-08-18 13:00:00,1624.23,PGE
2018-08-18 14:00:00,1750.77,PGE
2018-08-18 15:00:00,1881.08,PGE
2018-08-18 16:00:00,1977.36,PGE
2018-08-18 17:00:00,2132.28,PGE
2018-08-18 18:00:00,2265.87,PGE
2018-08-18 19:00:00,2390.15,PGE
2018-08-18 20:00:00,2495.98,PGE
2018-08-18 21:00:00,2596.37,PGE
2018-08-18 22:00:00,2663.51,PGE
2018-08-18 23:00:00,2704.15,PGE
2018-08-19 00:00:00,3084.51,PGE
2018-08-19 01:00:00,3094.7,PGE
2018-08-19 02:00:00,3061.84,PGE
2018-08-19 03:00:00,2870.49,PGE
2018-08-19 04:00:00,2707.88,PGE
2018-08-19 05:00:00,2525.51,PGE
2018-08-19 06:00:00,2327.95,PGE
2018-08-19 07:00:00,2108.22,PGE
2018-08-19 08:00:00,1910.28,PGE
2018-08-19 09:00:00,1794.93,PGE
2018-08-19 10:00:00,1712.29,PGE
2018-08-19 11:00:00,1670.22,PGE
2018-08-19 12:00:00,1654.98,PGE
2018-08-19 13:00:00,1661.75,PGE
2018-08-19 14:00:00,1777.28,PGE
2018-08-19 15:00:00,1914.86,PGE
2018-08-19 16:00:00,2049.09,PGE
2018-08-19 17:00:00,2190.43,PGE
2018-08-19 18:00:00,2329.59,PGE
2018-08-19 19:00:00,2459.55,PGE
2018-08-19 20:00:00,2571.8,PGE
2018-08-19 21:00:00,2662.85,PGE
2018-08-19 22:00:00,2737.86,PGE
2018-08-19 23:00:00,2795.34,PGE
2018-08-20 00:00:00,3212.49,PGE
2018-08-20 01:00:00,3245.59,PGE
2018-08-20 02:00:00,3184.73,PGE
2018-08-20 03:00:00,3042.04,PGE
2018-08-20 04:00:00,2868.38,PGE
2018-08-20 05:00:00,2715.14,PGE
2018-08-20 06:00:00,2470.01,PGE
2018-08-20 07:00:00,2240.18,PGE
2018-08-20 08:00:00,2033.65,PGE
2018-08-20 09:00:00,1880.53,PGE
2018-08-20 10:00:00,1787.18,PGE
2018-08-20 11:00:00,1770.3,PGE
2018-08-20 12:00:00,1799.05,PGE
2018-08-20 13:00:00,1883.14,PGE
2018-08-20 14:00:00,2101.62,PGE
2018-08-20 15:00:00,2313.74,PGE
2018-08-20 16:00:00,2427.51,PGE
2018-08-20 17:00:00,2512.62,PGE
2018-08-20 18:00:00,2629.39,PGE
2018-08-20 19:00:00,2770.14,PGE
2018-08-20 20:00:00,2923.97,PGE
2018-08-20 21:00:00,3049.46,PGE
2018-08-20 22:00:00,3129.02,PGE
2018-08-20 23:00:00,3185.65,PGE
2018-08-21 00:00:00,3349.81,PGE
2018-08-21 01:00:00,3393.86,PGE
2018-08-21 02:00:00,3319.83,PGE
2018-08-21 03:00:00,3186.9,PGE
2018-08-21 04:00:00,3054.16,PGE
2018-08-21 05:00:00,2900.03,PGE
2018-08-21 06:00:00,2649.62,PGE
2018-08-21 07:00:00,2425.15,PGE
2018-08-21 08:00:00,2207.18,PGE
2018-08-21 09:00:00,2038.78,PGE
2018-08-21 10:00:00,1939.49,PGE
2018-08-21 11:00:00,1904.54,PGE
2018-08-21 12:00:00,1923.84,PGE
2018-08-21 13:00:00,1986.53,PGE
2018-08-21 14:00:00,2176.54,PGE
2018-08-21 15:00:00,2434.64,PGE
2018-08-21 16:00:00,2634.45,PGE
2018-08-21 17:00:00,2781.46,PGE
2018-08-21 18:00:00,2898.21,PGE
2018-08-21 19:00:00,2981.68,PGE
2018-08-21 20:00:00,3040.47,PGE
2018-08-21 21:00:00,3081.17,PGE
2018-08-21 22:00:00,3108.75,PGE
2018-08-21 23:00:00,3103.82,PGE
2018-08-22 00:00:00,3331.58,PGE
2018-08-22 01:00:00,3338.05,PGE
2018-08-22 02:00:00,3268.85,PGE
2018-08-22 03:00:00,3122.5,PGE
2018-08-22 04:00:00,2943.08,PGE
2018-08-22 05:00:00,2757.61,PGE
2018-08-22 06:00:00,2518.39,PGE
2018-08-22 07:00:00,2291.86,PGE
2018-08-22 08:00:00,2102.16,PGE
2018-08-22 09:00:00,1945.41,PGE
2018-08-22 10:00:00,1858.43,PGE
2018-08-22 11:00:00,1821.02,PGE
2018-08-22 12:00:00,1843.12,PGE
2018-08-22 13:00:00,1926.56,PGE
2018-08-22 14:00:00,2149.11,PGE
2018-08-22 15:00:00,2369.23,PGE
2018-08-22 16:00:00,2501.35,PGE
2018-08-22 17:00:00,2579.97,PGE
2018-08-22 18:00:00,2697.82,PGE
2018-08-22 19:00:00,2811.3,PGE
2018-08-22 20:00:00,2906.75,PGE
2018-08-22 21:00:00,2992.1,PGE
2018-08-22 22:00:00,3059.18,PGE
2018-08-22 23:00:00,3086.58,PGE
2018-08-23 00:00:00,3263.94,PGE
2018-08-23 01:00:00,3255.37,PGE
2018-08-23 02:00:00,3141.32,PGE
2018-08-23 03:00:00,2993.42,PGE
2018-08-23 04:00:00,2840.03,PGE
2018-08-23 05:00:00,2685.2,PGE
2018-08-23 06:00:00,2445.43,PGE
2018-08-23 07:00:00,2208.52,PGE
2018-08-23 08:00:00,1996.59,PGE
2018-08-23 09:00:00,1835.6,PGE
2018-08-23 10:00:00,1754.37,PGE
2018-08-23 11:00:00,1741.34,PGE
2018-08-23 12:00:00,1765.21,PGE
2018-08-23 13:00:00,1848.31,PGE
2018-08-23 14:00:00,2073.46,PGE
2018-08-23 15:00:00,2236.71,PGE
2018-08-23 16:00:00,2338.23,PGE
2018-08-23 17:00:00,2397.47,PGE
2018-08-23 18:00:00,2444.94,PGE
2018-08-23 19:00:00,2539.54,PGE
2018-08-23 20:00:00,2621.21,PGE
2018-08-23 21:00:00,2658.79,PGE
2018-08-23 22:00:00,2667.91,PGE
2018-08-23 23:00:00,2651.36,PGE
2018-08-24 00:00:00,2722.53,PGE
2018-08-24 01:00:00,2687.68,PGE
2018-08-24 02:00:00,2610.88,PGE
2018-08-24 03:00:00,2555.4,PGE
2018-08-24 04:00:00,2516.73,PGE
2018-08-24 05:00:00,2382.77,PGE
2018-08-24 06:00:00,2154.29,PGE
2018-08-24 07:00:00,1957.22,PGE
2018-08-24 08:00:00,1787.69,PGE
2018-08-24 09:00:00,1660.41,PGE
2018-08-24 10:00:00,1622.57,PGE
2018-08-24 11:00:00,1613.62,PGE
2018-08-24 12:00:00,1677.94,PGE
2018-08-24 13:00:00,1812.89,PGE
2018-08-24 14:00:00,2025.86,PGE
2018-08-24 15:00:00,2218.91,PGE
2018-08-24 16:00:00,2298.81,PGE
2018-08-24 17:00:00,2351.2,PGE
2018-08-24 18:00:00,2405.98,PGE
2018-08-24 19:00:00,2425.87,PGE
2018-08-24 20:00:00,2449.94,PGE
2018-08-24 21:00:00,2477.36,PGE
2018-08-24 22:00:00,2476.63,PGE
2018-08-24 23:00:00,2444.86,PGE
2018-08-25 00:00:00,2425.67,PGE
2018-08-25 01:00:00,2362.43,PGE
2018-08-25 02:00:00,2299.21,PGE
2018-08-25 03:00:00,2314.75,PGE
2018-08-25 04:00:00,2290.69,PGE
2018-08-25 05:00:00,2163.76,PGE
2018-08-25 06:00:00,2013.22,PGE
2018-08-25 07:00:00,1861.25,PGE
2018-08-25 08:00:00,1728.88,PGE
2018-08-25 09:00:00,1639.01,PGE
2018-08-25 10:00:00,1577.78,PGE
2018-08-25 11:00:00,1554.29,PGE
2018-08-25 12:00:00,1558.42,PGE
2018-08-25 13:00:00,1580.16,PGE
2018-08-25 14:00:00,1732.38,PGE
2018-08-25 15:00:00,1861.25,PGE
2018-08-25 16:00:00,1952.01,PGE
2018-08-25 17:00:00,2046.78,PGE
2018-08-25 18:00:00,2128.08,PGE
2018-08-25 19:00:00,2197.69,PGE
2018-08-25 20:00:00,2231.89,PGE
2018-08-25 21:00:00,2244.08,PGE
2018-08-25 22:00:00,2243.75,PGE
2018-08-25 23:00:00,2245.98,PGE
2018-08-26 00:00:00,2577.27,PGE
2018-08-26 01:00:00,2559.08,PGE
2018-08-26 02:00:00,2516.37,PGE
2018-08-26 03:00:00,2438.93,PGE
2018-08-26 04:00:00,2411.44,PGE
2018-08-26 05:00:00,2331.74,PGE
2018-08-26 06:00:00,2158.61,PGE
2018-08-26 07:00:00,1978.21,PGE
2018-08-26 08:00:00,1827.68,PGE
2018-08-26 09:00:00,1724.2,PGE
2018-08-26 10:00:00,1656.23,PGE
2018-08-26 11:00:00,1622.72,PGE
2018-08-26 12:00:00,1624.85,PGE
2018-08-26 13:00:00,1646.55,PGE
2018-08-26 14:00:00,1709.19,PGE
2018-08-26 15:00:00,1833.05,PGE
2018-08-26 16:00:00,1949.17,PGE
2018-08-26 17:00:00,2031.71,PGE
2018-08-26 18:00:00,2095.6,PGE
2018-08-26 19:00:00,2150.89,PGE
2018-08-26 20:00:00,2188.92,PGE
2018-08-26 21:00:00,2211.35,PGE
2018-08-26 22:00:00,2233.42,PGE
2018-08-26 23:00:00,2253.0,PGE
2018-08-27 00:00:00,2377.72,PGE
2018-08-27 01:00:00,2439.63,PGE
2018-08-27 02:00:00,2470.27,PGE
2018-08-27 03:00:00,2478.38,PGE
2018-08-27 04:00:00,2437.26,PGE
2018-08-27 05:00:00,2324.52,PGE
2018-08-27 06:00:00,2156.65,PGE
2018-08-27 07:00:00,2008.69,PGE
2018-08-27 08:00:00,1866.87,PGE
2018-08-27 09:00:00,1765.04,PGE
2018-08-27 10:00:00,1724.91,PGE
2018-08-27 11:00:00,1720.35,PGE
2018-08-27 12:00:00,1774.96,PGE
2018-08-27 13:00:00,1888.72,PGE
2018-08-27 14:00:00,2052.18,PGE
2018-08-27 15:00:00,2236.24,PGE
2018-08-27 16:00:00,2343.36,PGE
2018-08-27 17:00:00,2403.9,PGE
2018-08-27 18:00:00,2457.57,PGE
2018-08-27 19:00:00,2531.41,PGE
2018-08-27 20:00:00,2598.54,PGE
2018-08-27 21:00:00,2630.83,PGE
2018-08-27 22:00:00,2645.49,PGE
2018-08-27 23:00:00,2657.96,PGE
2018-08-28 00:00:00,2784.22,PGE
2018-08-28 01:00:00,2826.03,PGE
2018-08-28 02:00:00,2829.75,PGE
2018-08-28 03:00:00,2747.09,PGE
2018-08-28 04:00:00,2672.29,PGE
2018-08-28 05:00:00,2534.53,PGE
2018-08-28 06:00:00,2311.74,PGE
2018-08-28 07:00:00,2101.01,PGE
2018-08-28 08:00:00,1898.07,PGE
2018-08-28 09:00:00,1749.37,PGE
2018-08-28 10:00:00,1677.14,PGE
2018-08-28 11:00:00,1659.38,PGE
2018-08-28 12:00:00,1714.07,PGE
2018-08-28 13:00:00,1819.12,PGE
2018-08-28 14:00:00,2069.87,PGE
2018-08-28 15:00:00,2255.11,PGE
2018-08-28 16:00:00,2400.15,PGE
2018-08-28 17:00:00,2495.82,PGE
2018-08-28 18:00:00,2585.91,PGE
2018-08-28 19:00:00,2642.45,PGE
2018-08-28 20:00:00,2693.07,PGE
2018-08-28 21:00:00,2739.78,PGE
2018-08-28 22:00:00,2789.16,PGE
2018-08-28 23:00:00,2827.79,PGE
2018-08-29 00:00:00,3006.0,PGE
2018-08-29 01:00:00,3030.55,PGE
2018-08-29 02:00:00,3007.88,PGE
2018-08-29 03:00:00,2885.5,PGE
2018-08-29 04:00:00,2779.19,PGE
2018-08-29 05:00:00,2586.13,PGE
2018-08-29 06:00:00,2352.32,PGE
2018-08-29 07:00:00,2139.68,PGE
2018-08-29 08:00:00,1936.1,PGE
2018-08-29 09:00:00,1778.26,PGE
2018-08-29 10:00:00,1711.74,PGE
2018-08-29 11:00:00,1691.06,PGE
2018-08-29 12:00:00,1734.72,PGE
2018-08-29 13:00:00,1835.78,PGE
2018-08-29 14:00:00,2037.9,PGE
2018-08-29 15:00:00,2252.78,PGE
2018-08-29 16:00:00,2366.56,PGE
2018-08-29 17:00:00,2429.51,PGE
2018-08-29 18:00:00,2530.73,PGE
2018-08-29 19:00:00,2626.27,PGE
2018-08-29 20:00:00,2689.02,PGE
2018-08-29 21:00:00,2750.54,PGE
2018-08-29 22:00:00,2805.23,PGE
2018-08-29 23:00:00,2813.4,PGE
2018-08-30 00:00:00,2917.22,PGE
2018-08-30 01:00:00,2854.88,PGE
2018-08-30 02:00:00,2764.05,PGE
2018-08-30 03:00:00,2651.6,PGE
2018-08-30 04:00:00,2603.57,PGE
2018-08-30 05:00:00,2476.85,PGE
2018-08-30 06:00:00,2264.98,PGE
2018-08-30 07:00:00,2071.29,PGE
2018-08-30 08:00:00,1881.19,PGE
2018-08-30 09:00:00,1740.0,PGE
2018-08-30 10:00:00,1682.66,PGE
2018-08-30 11:00:00,1664.53,PGE
2018-08-30 12:00:00,1721.21,PGE
2018-08-30 13:00:00,1832.51,PGE
2018-08-30 14:00:00,2035.77,PGE
2018-08-30 15:00:00,2212.07,PGE
2018-08-30 16:00:00,2321.78,PGE
2018-08-30 17:00:00,2387.35,PGE
2018-08-30 18:00:00,2430.4,PGE
2018-08-30 19:00:00,2481.16,PGE
2018-08-30 20:00:00,2528.15,PGE
2018-08-30 21:00:00,2579.99,PGE
2018-08-30 22:00:00,2607.5,PGE
2018-08-30 23:00:00,2603.41,PGE
2018-08-31 00:00:00,2626.47,PGE
2018-08-31 01:00:00,2660.22,PGE
2018-08-31 02:00:00,2711.34,PGE
2018-08-31 03:00:00,2661.95,PGE
2018-08-31 04:00:00,2603.61,PGE
2018-08-31 05:00:00,2481.61,PGE
2018-08-31 06:00:00,2270.15,PGE
2018-08-31 07:00:00,2059.78,PGE
2018-08-31 08:00:00,1873.9,PGE
2018-08-31 09:00:00,1719.42,PGE
2018-08-31 10:00:00,1685.43,PGE
2018-08-31 11:00:00,1687.03,PGE
2018-08-31 12:00:00,1747.42,PGE
2018-08-31 13:00:00,1854.02,PGE
2018-08-31 14:00:00,2039.14,PGE
2018-08-31 15:00:00,2228.21,PGE
2018-08-31 16:00:00,2318.31,PGE
2018-08-31 17:00:00,2376.99,PGE
2018-08-31 18:00:00,2417.77,PGE
2018-08-31 19:00:00,2469.32,PGE
2018-08-31 20:00:00,2495.94,PGE
2018-08-31 21:00:00,2513.03,PGE
2018-08-31 22:00:00,2519.63,PGE
2018-08-31 23:00:00,2507.12,PGE
2018-09-01 00:00:00,2524.93,PGE
2018-09-01 01:00:00,2490.21,PGE
2018-09-01 02:00:00,2427.0,PGE
2018-09-01 03:00:00,2386.04,PGE
2018-09-01 04:00:00,2353.3,PGE
2018-09-01 05:00:00,2256.4,PGE
2018-09-01 06:00:00,2103.52,PGE
2018-09-01 07:00:00,1925.89,PGE
2018-09-01 08:00:00,1796.43,PGE
2018-09-01 09:00:00,1692.5,PGE
2018-09-01 10:00:00,1613.74,PGE
2018-09-01 11:00:00,1588.51,PGE
2018-09-01 12:00:00,1591.92,PGE
2018-09-01 13:00:00,1621.47,PGE
2018-09-01 14:00:00,1724.54,PGE
2018-09-01 15:00:00,1884.15,PGE
2018-09-01 16:00:00,1995.69,PGE
2018-09-01 17:00:00,2117.74,PGE
2018-09-01 18:00:00,2180.85,PGE
2018-09-01 19:00:00,2236.47,PGE
2018-09-01 20:00:00,2264.55,PGE
2018-09-01 21:00:00,2272.8,PGE
2018-09-01 22:00:00,2268.53,PGE
2018-09-01 23:00:00,2236.32,PGE
2018-09-02 00:00:00,2535.46,PGE
2018-09-02 01:00:00,2483.81,PGE
2018-09-02 02:00:00,2413.94,PGE
2018-09-02 03:00:00,2363.24,PGE
2018-09-02 04:00:00,2315.38,PGE
2018-09-02 05:00:00,2212.88,PGE
2018-09-02 06:00:00,2063.0,PGE
2018-09-02 07:00:00,1895.67,PGE
2018-09-02 08:00:00,1766.26,PGE
2018-09-02 09:00:00,1673.68,PGE
2018-09-02 10:00:00,1609.96,PGE
2018-09-02 11:00:00,1587.79,PGE
2018-09-02 12:00:00,1590.68,PGE
2018-09-02 13:00:00,1617.63,PGE
2018-09-02 14:00:00,1737.12,PGE
2018-09-02 15:00:00,1890.87,PGE
2018-09-02 16:00:00,1977.55,PGE
2018-09-02 17:00:00,2103.52,PGE
2018-09-02 18:00:00,2205.22,PGE
2018-09-02 19:00:00,2266.85,PGE
2018-09-02 20:00:00,2331.33,PGE
2018-09-02 21:00:00,2376.14,PGE
2018-09-02 22:00:00,2404.89,PGE
2018-09-02 23:00:00,2404.47,PGE
2018-09-03 00:00:00,2465.67,PGE
2018-09-03 01:00:00,2395.32,PGE
2018-09-03 02:00:00,2357.32,PGE
2018-09-03 03:00:00,2314.13,PGE
2018-09-03 04:00:00,2298.06,PGE
2018-09-03 05:00:00,2194.95,PGE
2018-09-03 06:00:00,2057.08,PGE
2018-09-03 07:00:00,1910.6,PGE
2018-09-03 08:00:00,1754.78,PGE
2018-09-03 09:00:00,1641.97,PGE
2018-09-03 10:00:00,1595.35,PGE
2018-09-03 11:00:00,1569.77,PGE
2018-09-03 12:00:00,1584.71,PGE
2018-09-03 13:00:00,1650.96,PGE
2018-09-03 14:00:00,1793.94,PGE
2018-09-03 15:00:00,1973.09,PGE
2018-09-03 16:00:00,2042.88,PGE
2018-09-03 17:00:00,2112.58,PGE
2018-09-03 18:00:00,2205.51,PGE
2018-09-03 19:00:00,2269.79,PGE
2018-09-03 20:00:00,2313.85,PGE
2018-09-03 21:00:00,2331.2,PGE
2018-09-03 22:00:00,2321.05,PGE
2018-09-03 23:00:00,2306.71,PGE
2018-09-04 00:00:00,2666.31,PGE
2018-09-04 01:00:00,2568.91,PGE
2018-09-04 02:00:00,2508.29,PGE
2018-09-04 03:00:00,2499.98,PGE
2018-09-04 04:00:00,2460.1,PGE
2018-09-04 05:00:00,2291.27,PGE
2018-09-04 06:00:00,2089.88,PGE
2018-09-04 07:00:00,1923.16,PGE
2018-09-04 08:00:00,1771.5,PGE
2018-09-04 09:00:00,1660.11,PGE
2018-09-04 10:00:00,1610.0,PGE
2018-09-04 11:00:00,1616.12,PGE
2018-09-04 12:00:00,1687.48,PGE
2018-09-04 13:00:00,1828.54,PGE
2018-09-04 14:00:00,2073.08,PGE
2018-09-04 15:00:00,2253.19,PGE
2018-09-04 16:00:00,2333.61,PGE
2018-09-04 17:00:00,2405.16,PGE
2018-09-04 18:00:00,2473.32,PGE
2018-09-04 19:00:00,2554.58,PGE
2018-09-04 20:00:00,2618.4,PGE
2018-09-04 21:00:00,2665.37,PGE
2018-09-04 22:00:00,2694.51,PGE
2018-09-04 23:00:00,2717.75,PGE
2018-09-05 00:00:00,2877.84,PGE
2018-09-05 01:00:00,2852.12,PGE
2018-09-05 02:00:00,2801.85,PGE
2018-09-05 03:00:00,2689.96,PGE
2018-09-05 04:00:00,2591.72,PGE
2018-09-05 05:00:00,2449.01,PGE
2018-09-05 06:00:00,2246.88,PGE
2018-09-05 07:00:00,2066.23,PGE
2018-09-05 08:00:00,1898.86,PGE
2018-09-05 09:00:00,1764.76,PGE
2018-09-05 10:00:00,1704.32,PGE
2018-09-05 11:00:00,1690.16,PGE
2018-09-05 12:00:00,1741.05,PGE
2018-09-05 13:00:00,1851.25,PGE
2018-09-05 14:00:00,2027.28,PGE
2018-09-05 15:00:00,2287.4,PGE
2018-09-05 16:00:00,2421.09,PGE
2018-09-05 17:00:00,2506.54,PGE
2018-09-05 18:00:00,2612.55,PGE
2018-09-05 19:00:00,2697.89,PGE
2018-09-05 20:00:00,2781.99,PGE
2018-09-05 21:00:00,2850.37,PGE
2018-09-05 22:00:00,2908.44,PGE
2018-09-05 23:00:00,2949.59,PGE
2018-09-06 00:00:00,3128.99,PGE
2018-09-06 01:00:00,3148.74,PGE
2018-09-06 02:00:00,3100.95,PGE
2018-09-06 03:00:00,2964.98,PGE
2018-09-06 04:00:00,2813.99,PGE
2018-09-06 05:00:00,2614.56,PGE
2018-09-06 06:00:00,2369.24,PGE
2018-09-06 07:00:00,2161.66,PGE
2018-09-06 08:00:00,1972.17,PGE
2018-09-06 09:00:00,1817.48,PGE
2018-09-06 10:00:00,1751.53,PGE
2018-09-06 11:00:00,1732.96,PGE
2018-09-06 12:00:00,1782.06,PGE
2018-09-06 13:00:00,1874.81,PGE
2018-09-06 14:00:00,2057.25,PGE
2018-09-06 15:00:00,2252.03,PGE
2018-09-06 16:00:00,2361.32,PGE
2018-09-06 17:00:00,2429.62,PGE
2018-09-06 18:00:00,2524.26,PGE
2018-09-06 19:00:00,2631.0,PGE
2018-09-06 20:00:00,2701.11,PGE
2018-09-06 21:00:00,2787.83,PGE
2018-09-06 22:00:00,2883.08,PGE
2018-09-06 23:00:00,2896.05,PGE
2018-09-07 00:00:00,2987.25,PGE
2018-09-07 01:00:00,2946.84,PGE
2018-09-07 02:00:00,2851.22,PGE
2018-09-07 03:00:00,2690.47,PGE
2018-09-07 04:00:00,2598.58,PGE
2018-09-07 05:00:00,2430.39,PGE
2018-09-07 06:00:00,2221.57,PGE
2018-09-07 07:00:00,2030.81,PGE
2018-09-07 08:00:00,1854.4,PGE
2018-09-07 09:00:00,1727.71,PGE
2018-09-07 10:00:00,1669.57,PGE
2018-09-07 11:00:00,1668.77,PGE
2018-09-07 12:00:00,1722.38,PGE
2018-09-07 13:00:00,1836.16,PGE
2018-09-07 14:00:00,2017.65,PGE
2018-09-07 15:00:00,2206.8,PGE
2018-09-07 16:00:00,2322.25,PGE
2018-09-07 17:00:00,2384.49,PGE
2018-09-07 18:00:00,2447.91,PGE
2018-09-07 19:00:00,2547.42,PGE
2018-09-07 20:00:00,2619.12,PGE
2018-09-07 21:00:00,2671.17,PGE
2018-09-07 22:00:00,2716.34,PGE
2018-09-07 23:00:00,2716.02,PGE
2018-09-08 00:00:00,2741.72,PGE
2018-09-08 01:00:00,2603.9,PGE
2018-09-08 02:00:00,2499.4,PGE
2018-09-08 03:00:00,2433.9,PGE
2018-09-08 04:00:00,2393.24,PGE
2018-09-08 05:00:00,2292.59,PGE
2018-09-08 06:00:00,2162.65,PGE
2018-09-08 07:00:00,2005.05,PGE
2018-09-08 08:00:00,1868.15,PGE
2018-09-08 09:00:00,1759.0,PGE
2018-09-08 10:00:00,1698.9,PGE
2018-09-08 11:00:00,1668.89,PGE
2018-09-08 12:00:00,1673.6,PGE
2018-09-08 13:00:00,1702.71,PGE
2018-09-08 14:00:00,1765.27,PGE
2018-09-08 15:00:00,1907.23,PGE
2018-09-08 16:00:00,2014.74,PGE
2018-09-08 17:00:00,2075.85,PGE
2018-09-08 18:00:00,2136.63,PGE
2018-09-08 19:00:00,2212.04,PGE
2018-09-08 20:00:00,2270.26,PGE
2018-09-08 21:00:00,2303.98,PGE
2018-09-08 22:00:00,2292.6,PGE
2018-09-08 23:00:00,2286.01,PGE
2018-09-09 00:00:00,2496.81,PGE
2018-09-09 01:00:00,2504.84,PGE
2018-09-09 02:00:00,2493.28,PGE
2018-09-09 03:00:00,2443.96,PGE
2018-09-09 04:00:00,2422.09,PGE
2018-09-09 05:00:00,2335.45,PGE
2018-09-09 06:00:00,2166.88,PGE
2018-09-09 07:00:00,2000.0,PGE
2018-09-09 08:00:00,1852.59,PGE
2018-09-09 09:00:00,1746.31,PGE
2018-09-09 10:00:00,1674.63,PGE
2018-09-09 11:00:00,1637.03,PGE
2018-09-09 12:00:00,1629.74,PGE
2018-09-09 13:00:00,1642.31,PGE
2018-09-09 14:00:00,1698.33,PGE
2018-09-09 15:00:00,1869.83,PGE
2018-09-09 16:00:00,1967.51,PGE
2018-09-09 17:00:00,2085.3,PGE
2018-09-09 18:00:00,2195.19,PGE
2018-09-09 19:00:00,2272.7,PGE
2018-09-09 20:00:00,2309.02,PGE
2018-09-09 21:00:00,2324.64,PGE
2018-09-09 22:00:00,2322.23,PGE
2018-09-09 23:00:00,2312.68,PGE
2018-09-10 00:00:00,2652.75,PGE
2018-09-10 01:00:00,2576.41,PGE
2018-09-10 02:00:00,2583.08,PGE
2018-09-10 03:00:00,2565.97,PGE
2018-09-10 04:00:00,2519.27,PGE
2018-09-10 05:00:00,2387.72,PGE
2018-09-10 06:00:00,2203.28,PGE
2018-09-10 07:00:00,1998.22,PGE
2018-09-10 08:00:00,1842.21,PGE
2018-09-10 09:00:00,1725.19,PGE
2018-09-10 10:00:00,1688.63,PGE
2018-09-10 11:00:00,1691.38,PGE
2018-09-10 12:00:00,1746.39,PGE
2018-09-10 13:00:00,1876.11,PGE
2018-09-10 14:00:00,2048.21,PGE
2018-09-10 15:00:00,2229.63,PGE
2018-09-10 16:00:00,2333.84,PGE
2018-09-10 17:00:00,2399.07,PGE
2018-09-10 18:00:00,2463.09,PGE
2018-09-10 19:00:00,2556.38,PGE
2018-09-10 20:00:00,2571.9,PGE
2018-09-10 21:00:00,2552.61,PGE
2018-09-10 22:00:00,2510.77,PGE
2018-09-10 23:00:00,2476.97,PGE
2018-09-11 00:00:00,2541.41,PGE
2018-09-11 01:00:00,2489.0,PGE
2018-09-11 02:00:00,2526.51,PGE
2018-09-11 03:00:00,2552.68,PGE
2018-09-11 04:00:00,2499.84,PGE
2018-09-11 05:00:00,2355.47,PGE
2018-09-11 06:00:00,2159.27,PGE
2018-09-11 07:00:00,1976.1,PGE
2018-09-11 08:00:00,1812.71,PGE
2018-09-11 09:00:00,1687.8,PGE
2018-09-11 10:00:00,1650.89,PGE
2018-09-11 11:00:00,1644.85,PGE
2018-09-11 12:00:00,1706.77,PGE
2018-09-11 13:00:00,1850.34,PGE
2018-09-11 14:00:00,2028.14,PGE
2018-09-11 15:00:00,2254.85,PGE
2018-09-11 16:00:00,2325.1,PGE
2018-09-11 17:00:00,2358.78,PGE
2018-09-11 18:00:00,2391.41,PGE
2018-09-11 19:00:00,2416.24,PGE
2018-09-11 20:00:00,2445.74,PGE
2018-09-11 21:00:00,2464.15,PGE
2018-09-11 22:00:00,2443.36,PGE
2018-09-11 23:00:00,2441.52,PGE
2018-09-12 00:00:00,2336.88,PGE
2018-09-12 01:00:00,2400.63,PGE
2018-09-12 02:00:00,2489.16,PGE
2018-09-12 03:00:00,2518.33,PGE
2018-09-12 04:00:00,2458.44,PGE
2018-09-12 05:00:00,2308.26,PGE
2018-09-12 06:00:00,2124.78,PGE
2018-09-12 07:00:00,1944.26,PGE
2018-09-12 08:00:00,1784.4,PGE
2018-09-12 09:00:00,1675.58,PGE
2018-09-12 10:00:00,1645.31,PGE
2018-09-12 11:00:00,1643.14,PGE
2018-09-12 12:00:00,1708.85,PGE
2018-09-12 13:00:00,1849.02,PGE
2018-09-12 14:00:00,2010.74,PGE
2018-09-12 15:00:00,2229.37,PGE
2018-09-12 16:00:00,2317.68,PGE
2018-09-12 17:00:00,2348.8,PGE
2018-09-12 18:00:00,2384.89,PGE
2018-09-12 19:00:00,2427.57,PGE
2018-09-12 20:00:00,2417.36,PGE
2018-09-12 21:00:00,2420.12,PGE
2018-09-12 22:00:00,2434.24,PGE
2018-09-12 23:00:00,2431.91,PGE
2018-09-13 00:00:00,2304.4,PGE
2018-09-13 01:00:00,2376.41,PGE
2018-09-13 02:00:00,2477.74,PGE
2018-09-13 03:00:00,2499.84,PGE
2018-09-13 04:00:00,2444.8,PGE
2018-09-13 05:00:00,2288.29,PGE
2018-09-13 06:00:00,2099.15,PGE
2018-09-13 07:00:00,1926.91,PGE
2018-09-13 08:00:00,1775.99,PGE
2018-09-13 09:00:00,1656.04,PGE
2018-09-13 10:00:00,1622.22,PGE
2018-09-13 11:00:00,1621.47,PGE
2018-09-13 12:00:00,1695.09,PGE
2018-09-13 13:00:00,1860.49,PGE
2018-09-13 14:00:00,2036.79,PGE
2018-09-13 15:00:00,2261.77,PGE
2018-09-13 16:00:00,2328.51,PGE
2018-09-13 17:00:00,2358.41,PGE
2018-09-13 18:00:00,2404.88,PGE
2018-09-13 19:00:00,2438.64,PGE
2018-09-13 20:00:00,2468.95,PGE
2018-09-13 21:00:00,2477.03,PGE
2018-09-13 22:00:00,2465.98,PGE
2018-09-13 23:00:00,2434.62,PGE
2018-09-14 00:00:00,2442.25,PGE
2018-09-14 01:00:00,2428.26,PGE
2018-09-14 02:00:00,2515.72,PGE
2018-09-14 03:00:00,2520.76,PGE
2018-09-14 04:00:00,2467.44,PGE
2018-09-14 05:00:00,2321.68,PGE
2018-09-14 06:00:00,2125.65,PGE
2018-09-14 07:00:00,1951.16,PGE
2018-09-14 08:00:00,1791.69,PGE
2018-09-14 09:00:00,1675.11,PGE
2018-09-14 10:00:00,1635.51,PGE
2018-09-14 11:00:00,1631.6,PGE
2018-09-14 12:00:00,1694.01,PGE
2018-09-14 13:00:00,1840.55,PGE
2018-09-14 14:00:00,2009.82,PGE
2018-09-14 15:00:00,2243.92,PGE
2018-09-14 16:00:00,2307.04,PGE
2018-09-14 17:00:00,2335.67,PGE
2018-09-14 18:00:00,2380.7,PGE
2018-09-14 19:00:00,2410.35,PGE
2018-09-14 20:00:00,2442.55,PGE
2018-09-14 21:00:00,2458.88,PGE
2018-09-14 22:00:00,2459.0,PGE
2018-09-14 23:00:00,2426.87,PGE
2018-09-15 00:00:00,2335.0,PGE
2018-09-15 01:00:00,2302.42,PGE
2018-09-15 02:00:00,2333.88,PGE
2018-09-15 03:00:00,2353.15,PGE
2018-09-15 04:00:00,2319.02,PGE
2018-09-15 05:00:00,2206.22,PGE
2018-09-15 06:00:00,2080.05,PGE
2018-09-15 07:00:00,1923.03,PGE
2018-09-15 08:00:00,1788.99,PGE
2018-09-15 09:00:00,1692.54,PGE
2018-09-15 10:00:00,1621.58,PGE
2018-09-15 11:00:00,1591.9,PGE
2018-09-15 12:00:00,1591.7,PGE
2018-09-15 13:00:00,1614.6,PGE
2018-09-15 14:00:00,1692.48,PGE
2018-09-15 15:00:00,1897.18,PGE
2018-09-15 16:00:00,1976.32,PGE
2018-09-15 17:00:00,2074.69,PGE
2018-09-15 18:00:00,2143.79,PGE
2018-09-15 19:00:00,2198.78,PGE
2018-09-15 20:00:00,2217.09,PGE
2018-09-15 21:00:00,2208.76,PGE
2018-09-15 22:00:00,2186.17,PGE
2018-09-15 23:00:00,2202.71,PGE
2018-09-16 00:00:00,2322.8,PGE
2018-09-16 01:00:00,2294.17,PGE
2018-09-16 02:00:00,2301.37,PGE
2018-09-16 03:00:00,2313.64,PGE
2018-09-16 04:00:00,2277.09,PGE
2018-09-16 05:00:00,2171.45,PGE
2018-09-16 06:00:00,2040.34,PGE
2018-09-16 07:00:00,1899.76,PGE
2018-09-16 08:00:00,1760.34,PGE
2018-09-16 09:00:00,1651.07,PGE
2018-09-16 10:00:00,1599.93,PGE
2018-09-16 11:00:00,1574.2,PGE
2018-09-16 12:00:00,1579.29,PGE
2018-09-16 13:00:00,1607.59,PGE
2018-09-16 14:00:00,1697.54,PGE
2018-09-16 15:00:00,1847.42,PGE
2018-09-16 16:00:00,2021.87,PGE
2018-09-16 17:00:00,2106.76,PGE
2018-09-16 18:00:00,2160.89,PGE
2018-09-16 19:00:00,2197.78,PGE
2018-09-16 20:00:00,2220.63,PGE
2018-09-16 21:00:00,2213.05,PGE
2018-09-16 22:00:00,2184.14,PGE
2018-09-16 23:00:00,2149.13,PGE
2018-09-17 00:00:00,2401.6,PGE
2018-09-17 01:00:00,2337.37,PGE
2018-09-17 02:00:00,2419.2,PGE
2018-09-17 03:00:00,2456.92,PGE
2018-09-17 04:00:00,2418.67,PGE
2018-09-17 05:00:00,2255.23,PGE
2018-09-17 06:00:00,2063.6,PGE
2018-09-17 07:00:00,1895.61,PGE
2018-09-17 08:00:00,1749.42,PGE
2018-09-17 09:00:00,1635.47,PGE
2018-09-17 10:00:00,1599.09,PGE
2018-09-17 11:00:00,1607.59,PGE
2018-09-17 12:00:00,1681.34,PGE
2018-09-17 13:00:00,1835.54,PGE
2018-09-17 14:00:00,2012.85,PGE
2018-09-17 15:00:00,2250.51,PGE
2018-09-17 16:00:00,2316.87,PGE
2018-09-17 17:00:00,2342.34,PGE
2018-09-17 18:00:00,2380.4,PGE
2018-09-17 19:00:00,2403.64,PGE
2018-09-17 20:00:00,2413.24,PGE
2018-09-17 21:00:00,2426.55,PGE
2018-09-17 22:00:00,2421.22,PGE
2018-09-17 23:00:00,2391.06,PGE
2018-09-18 00:00:00,2400.87,PGE
2018-09-18 01:00:00,2377.18,PGE
2018-09-18 02:00:00,2449.44,PGE
2018-09-18 03:00:00,2466.36,PGE
2018-09-18 04:00:00,2409.61,PGE
2018-09-18 05:00:00,2237.18,PGE
2018-09-18 06:00:00,2035.18,PGE
2018-09-18 07:00:00,1873.18,PGE
2018-09-18 08:00:00,1732.75,PGE
2018-09-18 09:00:00,1624.73,PGE
2018-09-18 10:00:00,1597.47,PGE
2018-09-18 11:00:00,1610.44,PGE
2018-09-18 12:00:00,1694.11,PGE
2018-09-18 13:00:00,1858.13,PGE
2018-09-18 14:00:00,2034.8,PGE
2018-09-18 15:00:00,2314.18,PGE
2018-09-18 16:00:00,2343.99,PGE
2018-09-18 17:00:00,2364.42,PGE
2018-09-18 18:00:00,2379.6,PGE
2018-09-18 19:00:00,2372.97,PGE
2018-09-18 20:00:00,2381.28,PGE
2018-09-18 21:00:00,2391.8,PGE
2018-09-18 22:00:00,2391.19,PGE
2018-09-18 23:00:00,2374.21,PGE
2018-09-19 00:00:00,2389.09,PGE
2018-09-19 01:00:00,2342.67,PGE
2018-09-19 02:00:00,2427.34,PGE
2018-09-19 03:00:00,2460.99,PGE
2018-09-19 04:00:00,2416.62,PGE
2018-09-19 05:00:00,2234.81,PGE
2018-09-19 06:00:00,2037.41,PGE
2018-09-19 07:00:00,1879.18,PGE
2018-09-19 08:00:00,1741.64,PGE
2018-09-19 09:00:00,1629.24,PGE
2018-09-19 10:00:00,1597.8,PGE
2018-09-19 11:00:00,1610.33,PGE
2018-09-19 12:00:00,1697.88,PGE
2018-09-19 13:00:00,1861.25,PGE
2018-09-19 14:00:00,2039.72,PGE
2018-09-19 15:00:00,2309.29,PGE
2018-09-19 16:00:00,2362.24,PGE
2018-09-19 17:00:00,2373.78,PGE
2018-09-19 18:00:00,2382.56,PGE
2018-09-19 19:00:00,2381.61,PGE
2018-09-19 20:00:00,2379.36,PGE
2018-09-19 21:00:00,2388.21,PGE
2018-09-19 22:00:00,2387.75,PGE
2018-09-19 23:00:00,2370.15,PGE
2018-09-20 00:00:00,2363.25,PGE
2018-09-20 01:00:00,2394.14,PGE
2018-09-20 02:00:00,2452.68,PGE
2018-09-20 03:00:00,2474.47,PGE
2018-09-20 04:00:00,2437.34,PGE
2018-09-20 05:00:00,2273.58,PGE
2018-09-20 06:00:00,2094.31,PGE
2018-09-20 07:00:00,1911.03,PGE
2018-09-20 08:00:00,1766.68,PGE
2018-09-20 09:00:00,1661.53,PGE
2018-09-20 10:00:00,1634.91,PGE
2018-09-20 11:00:00,1631.15,PGE
2018-09-20 12:00:00,1706.47,PGE
2018-09-20 13:00:00,1859.1,PGE
2018-09-20 14:00:00,2018.36,PGE
2018-09-20 15:00:00,2261.03,PGE
2018-09-20 16:00:00,2315.12,PGE
2018-09-20 17:00:00,2336.68,PGE
2018-09-20 18:00:00,2361.27,PGE
2018-09-20 19:00:00,2392.32,PGE
2018-09-20 20:00:00,2413.01,PGE
2018-09-20 21:00:00,2428.11,PGE
2018-09-20 22:00:00,2438.11,PGE
2018-09-20 23:00:00,2435.87,PGE
2018-09-21 00:00:00,2367.06,PGE
2018-09-21 01:00:00,2424.49,PGE
2018-09-21 02:00:00,2509.56,PGE
2018-09-21 03:00:00,2519.22,PGE
2018-09-21 04:00:00,2460.75,PGE
2018-09-21 05:00:00,2287.06,PGE
2018-09-21 06:00:00,2097.61,PGE
2018-09-21 07:00:00,1926.62,PGE
2018-09-21 08:00:00,1775.29,PGE
2018-09-21 09:00:00,1659.68,PGE
2018-09-21 10:00:00,1620.21,PGE
2018-09-21 11:00:00,1627.49,PGE
2018-09-21 12:00:00,1702.0,PGE
2018-09-21 13:00:00,1835.13,PGE
2018-09-21 14:00:00,2004.09,PGE
2018-09-21 15:00:00,2214.1,PGE
2018-09-21 16:00:00,2295.15,PGE
2018-09-21 17:00:00,2361.07,PGE
2018-09-21 18:00:00,2419.54,PGE
2018-09-21 19:00:00,2475.58,PGE
2018-09-21 20:00:00,2558.25,PGE
2018-09-21 21:00:00,2586.12,PGE
2018-09-21 22:00:00,2591.46,PGE
2018-09-21 23:00:00,2562.06,PGE
2018-09-22 00:00:00,2594.66,PGE
2018-09-22 01:00:00,2475.39,PGE
2018-09-22 02:00:00,2413.69,PGE
2018-09-22 03:00:00,2405.41,PGE
2018-09-22 04:00:00,2391.86,PGE
2018-09-22 05:00:00,2305.01,PGE
2018-09-22 06:00:00,2145.81,PGE
2018-09-22 07:00:00,1984.85,PGE
2018-09-22 08:00:00,1843.97,PGE
2018-09-22 09:00:00,1729.92,PGE
2018-09-22 10:00:00,1684.17,PGE
2018-09-22 11:00:00,1655.83,PGE
2018-09-22 12:00:00,1658.12,PGE
2018-09-22 13:00:00,1686.0,PGE
2018-09-22 14:00:00,1729.51,PGE
2018-09-22 15:00:00,1858.31,PGE
2018-09-22 16:00:00,2005.76,PGE
2018-09-22 17:00:00,2098.18,PGE
2018-09-22 18:00:00,2155.17,PGE
2018-09-22 19:00:00,2193.53,PGE
2018-09-22 20:00:00,2261.85,PGE
2018-09-22 21:00:00,2278.18,PGE
2018-09-22 22:00:00,2268.46,PGE
2018-09-22 23:00:00,2242.16,PGE
2018-09-23 00:00:00,2362.82,PGE
2018-09-23 01:00:00,2324.43,PGE
2018-09-23 02:00:00,2338.72,PGE
2018-09-23 03:00:00,2340.96,PGE
2018-09-23 04:00:00,2308.82,PGE
2018-09-23 05:00:00,2191.78,PGE
2018-09-23 06:00:00,2068.83,PGE
2018-09-23 07:00:00,1916.76,PGE
2018-09-23 08:00:00,1780.01,PGE
2018-09-23 09:00:00,1685.06,PGE
2018-09-23 10:00:00,1613.25,PGE
2018-09-23 11:00:00,1582.61,PGE
2018-09-23 12:00:00,1587.47,PGE
2018-09-23 13:00:00,1615.54,PGE
2018-09-23 14:00:00,1682.81,PGE
2018-09-23 15:00:00,1908.33,PGE
2018-09-23 16:00:00,1993.45,PGE
2018-09-23 17:00:00,2064.96,PGE
2018-09-23 18:00:00,2178.96,PGE
2018-09-23 19:00:00,2217.95,PGE
2018-09-23 20:00:00,2224.13,PGE
2018-09-23 21:00:00,2184.1,PGE
2018-09-23 22:00:00,2138.37,PGE
2018-09-23 23:00:00,2093.43,PGE
2018-09-24 00:00:00,2343.06,PGE
2018-09-24 01:00:00,2283.94,PGE
2018-09-24 02:00:00,2375.51,PGE
2018-09-24 03:00:00,2421.03,PGE
2018-09-24 04:00:00,2393.78,PGE
2018-09-24 05:00:00,2215.41,PGE
2018-09-24 06:00:00,2035.55,PGE
2018-09-24 07:00:00,1878.12,PGE
2018-09-24 08:00:00,1739.37,PGE
2018-09-24 09:00:00,1635.25,PGE
2018-09-24 10:00:00,1614.11,PGE
2018-09-24 11:00:00,1627.98,PGE
2018-09-24 12:00:00,1723.54,PGE
2018-09-24 13:00:00,1893.83,PGE
2018-09-24 14:00:00,2066.04,PGE
2018-09-24 15:00:00,2356.73,PGE
2018-09-24 16:00:00,2372.29,PGE
2018-09-24 17:00:00,2376.17,PGE
2018-09-24 18:00:00,2378.58,PGE
2018-09-24 19:00:00,2369.46,PGE
2018-09-24 20:00:00,2389.54,PGE
2018-09-24 21:00:00,2404.17,PGE
2018-09-24 22:00:00,2408.09,PGE
2018-09-24 23:00:00,2384.16,PGE
2018-09-25 00:00:00,2425.87,PGE
2018-09-25 01:00:00,2390.09,PGE
2018-09-25 02:00:00,2462.31,PGE
2018-09-25 03:00:00,2480.83,PGE
2018-09-25 04:00:00,2431.65,PGE
2018-09-25 05:00:00,2255.51,PGE
2018-09-25 06:00:00,2059.44,PGE
2018-09-25 07:00:00,1897.59,PGE
2018-09-25 08:00:00,1744.78,PGE
2018-09-25 09:00:00,1617.65,PGE
2018-09-25 10:00:00,1575.0,PGE
2018-09-25 11:00:00,1584.31,PGE
2018-09-25 12:00:00,1669.92,PGE
2018-09-25 13:00:00,1815.36,PGE
2018-09-25 14:00:00,1990.83,PGE
2018-09-25 15:00:00,2262.62,PGE
2018-09-25 16:00:00,2340.93,PGE
2018-09-25 17:00:00,2380.53,PGE
2018-09-25 18:00:00,2411.93,PGE
2018-09-25 19:00:00,2466.92,PGE
2018-09-25 20:00:00,2496.99,PGE
2018-09-25 21:00:00,2514.52,PGE
2018-09-25 22:00:00,2510.06,PGE
2018-09-25 23:00:00,2489.86,PGE
2018-09-26 00:00:00,2603.32,PGE
2018-09-26 01:00:00,2537.73,PGE
2018-09-26 02:00:00,2523.81,PGE
2018-09-26 03:00:00,2526.99,PGE
2018-09-26 04:00:00,2460.76,PGE
2018-09-26 05:00:00,2296.3,PGE
2018-09-26 06:00:00,2102.12,PGE
2018-09-26 07:00:00,1935.5,PGE
2018-09-26 08:00:00,1785.05,PGE
2018-09-26 09:00:00,1655.79,PGE
2018-09-26 10:00:00,1607.5,PGE
2018-09-26 11:00:00,1605.54,PGE
2018-09-26 12:00:00,1679.91,PGE
2018-09-26 13:00:00,1814.18,PGE
2018-09-26 14:00:00,1984.01,PGE
2018-09-26 15:00:00,2242.18,PGE
2018-09-26 16:00:00,2346.44,PGE
2018-09-26 17:00:00,2435.7,PGE
2018-09-26 18:00:00,2485.52,PGE
2018-09-26 19:00:00,2564.51,PGE
2018-09-26 20:00:00,2617.07,PGE
2018-09-26 21:00:00,2656.58,PGE
2018-09-26 22:00:00,2700.31,PGE
2018-09-26 23:00:00,2718.1,PGE
2018-09-27 00:00:00,2830.78,PGE
2018-09-27 01:00:00,2800.02,PGE
2018-09-27 02:00:00,2715.01,PGE
2018-09-27 03:00:00,2654.22,PGE
2018-09-27 04:00:00,2575.08,PGE
2018-09-27 05:00:00,2410.36,PGE
2018-09-27 06:00:00,2205.13,PGE
2018-09-27 07:00:00,2018.17,PGE
2018-09-27 08:00:00,1855.2,PGE
2018-09-27 09:00:00,1736.96,PGE
2018-09-27 10:00:00,1681.56,PGE
2018-09-27 11:00:00,1678.67,PGE
2018-09-27 12:00:00,1740.59,PGE
2018-09-27 13:00:00,1860.77,PGE
2018-09-27 14:00:00,2009.03,PGE
2018-09-27 15:00:00,2251.77,PGE
2018-09-27 16:00:00,2379.78,PGE
2018-09-27 17:00:00,2460.53,PGE
2018-09-27 18:00:00,2541.31,PGE
2018-09-27 19:00:00,2653.89,PGE
2018-09-27 20:00:00,2761.68,PGE
2018-09-27 21:00:00,2884.2,PGE
2018-09-27 22:00:00,2976.51,PGE
2018-09-27 23:00:00,2996.15,PGE
2018-09-28 00:00:00,3084.95,PGE
2018-09-28 01:00:00,3061.75,PGE
2018-09-28 02:00:00,2923.74,PGE
2018-09-28 03:00:00,2858.82,PGE
2018-09-28 04:00:00,2785.85,PGE
2018-09-28 05:00:00,2595.16,PGE
2018-09-28 06:00:00,2348.65,PGE
2018-09-28 07:00:00,2129.05,PGE
2018-09-28 08:00:00,1928.25,PGE
2018-09-28 09:00:00,1774.86,PGE
2018-09-28 10:00:00,1703.17,PGE
2018-09-28 11:00:00,1684.77,PGE
2018-09-28 12:00:00,1738.59,PGE
2018-09-28 13:00:00,1851.83,PGE
2018-09-28 14:00:00,2000.74,PGE
2018-09-28 15:00:00,2238.68,PGE
2018-09-28 16:00:00,2358.24,PGE
2018-09-28 17:00:00,2443.41,PGE
2018-09-28 18:00:00,2546.87,PGE
2018-09-28 19:00:00,2641.42,PGE
2018-09-28 20:00:00,2724.44,PGE
2018-09-28 21:00:00,2781.99,PGE
2018-09-28 22:00:00,2820.1,PGE
2018-09-28 23:00:00,2828.38,PGE
2018-09-29 00:00:00,2878.69,PGE
2018-09-29 01:00:00,2819.52,PGE
2018-09-29 02:00:00,2653.01,PGE
2018-09-29 03:00:00,2545.17,PGE
2018-09-29 04:00:00,2454.83,PGE
2018-09-29 05:00:00,2336.3,PGE
2018-09-29 06:00:00,2182.34,PGE
2018-09-29 07:00:00,2005.26,PGE
2018-09-29 08:00:00,1844.89,PGE
2018-09-29 09:00:00,1739.45,PGE
2018-09-29 10:00:00,1666.6,PGE
2018-09-29 11:00:00,1626.3,PGE
2018-09-29 12:00:00,1614.34,PGE
2018-09-29 13:00:00,1626.34,PGE
2018-09-29 14:00:00,1681.31,PGE
2018-09-29 15:00:00,1853.94,PGE
2018-09-29 16:00:00,1964.39,PGE
2018-09-29 17:00:00,2066.91,PGE
2018-09-29 18:00:00,2149.2,PGE
2018-09-29 19:00:00,2201.66,PGE
2018-09-29 20:00:00,2232.96,PGE
2018-09-29 21:00:00,2235.83,PGE
2018-09-29 22:00:00,2245.01,PGE
2018-09-29 23:00:00,2288.64,PGE
2018-09-30 00:00:00,2366.55,PGE
2018-09-30 01:00:00,2404.62,PGE
2018-09-30 02:00:00,2388.01,PGE
2018-09-30 03:00:00,2395.35,PGE
2018-09-30 04:00:00,2378.22,PGE
2018-09-30 05:00:00,2282.92,PGE
2018-09-30 06:00:00,2152.73,PGE
2018-09-30 07:00:00,1992.45,PGE
2018-09-30 08:00:00,1845.1,PGE
2018-09-30 09:00:00,1748.86,PGE
2018-09-30 10:00:00,1680.39,PGE
2018-09-30 11:00:00,1633.7,PGE
2018-09-30 12:00:00,1612.51,PGE
2018-09-30 13:00:00,1633.65,PGE
2018-09-30 14:00:00,1694.16,PGE
2018-09-30 15:00:00,1858.56,PGE
2018-09-30 16:00:00,2004.09,PGE
2018-09-30 17:00:00,2076.36,PGE
2018-09-30 18:00:00,2143.95,PGE
2018-09-30 19:00:00,2201.2,PGE
2018-09-30 20:00:00,2232.89,PGE
2018-09-30 21:00:00,2246.66,PGE
2018-09-30 22:00:00,2285.3,PGE
2018-09-30 23:00:00,2299.92,PGE
2018-10-01 00:00:00,2490.81,PGE
2018-10-01 01:00:00,2558.25,PGE
2018-10-01 02:00:00,2565.5,PGE
2018-10-01 03:00:00,2596.01,PGE
2018-10-01 04:00:00,2530.34,PGE
2018-10-01 05:00:00,2392.47,PGE
2018-10-01 06:00:00,2195.15,PGE
2018-10-01 07:00:00,2034.89,PGE
2018-10-01 08:00:00,1885.68,PGE
2018-10-01 09:00:00,1772.69,PGE
2018-10-01 10:00:00,1720.82,PGE
2018-10-01 11:00:00,1716.12,PGE
2018-10-01 12:00:00,1765.79,PGE
2018-10-01 13:00:00,1889.44,PGE
2018-10-01 14:00:00,2056.58,PGE
2018-10-01 15:00:00,2243.1,PGE
2018-10-01 16:00:00,2317.67,PGE
2018-10-01 17:00:00,2374.72,PGE
2018-10-01 18:00:00,2435.57,PGE
2018-10-01 19:00:00,2478.68,PGE
2018-10-01 20:00:00,2503.91,PGE
2018-10-01 21:00:00,2519.44,PGE
2018-10-01 22:00:00,2540.32,PGE
2018-10-01 23:00:00,2560.26,PGE
2018-10-02 00:00:00,2444.27,PGE
2018-10-02 01:00:00,2499.55,PGE
2018-10-02 02:00:00,2570.47,PGE
2018-10-02 03:00:00,2585.35,PGE
2018-10-02 04:00:00,2512.48,PGE
2018-10-02 05:00:00,2357.73,PGE
2018-10-02 06:00:00,2169.88,PGE
2018-10-02 07:00:00,2005.44,PGE
2018-10-02 08:00:00,1845.89,PGE
2018-10-02 09:00:00,1740.72,PGE
2018-10-02 10:00:00,1699.0,PGE
2018-10-02 11:00:00,1698.43,PGE
2018-10-02 12:00:00,1769.28,PGE
2018-10-02 13:00:00,1902.8,PGE
2018-10-02 14:00:00,2063.99,PGE
2018-10-02 15:00:00,2250.1,PGE
2018-10-02 16:00:00,2345.8,PGE
2018-10-02 17:00:00,2390.72,PGE
2018-10-02 18:00:00,2433.23,PGE
2018-10-02 19:00:00,2451.93,PGE
2018-10-02 20:00:00,2458.24,PGE
2018-10-02 21:00:00,2461.95,PGE
2018-10-02 22:00:00,2404.93,PGE
2018-10-02 23:00:00,2360.6,PGE
2018-10-03 00:00:00,2342.96,PGE
2018-10-03 01:00:00,2337.7,PGE
2018-10-03 02:00:00,2418.38,PGE
2018-10-03 03:00:00,2470.48,PGE
2018-10-03 04:00:00,2444.37,PGE
2018-10-03 05:00:00,2271.86,PGE
2018-10-03 06:00:00,2087.18,PGE
2018-10-03 07:00:00,1933.99,PGE
2018-10-03 08:00:00,1795.8,PGE
2018-10-03 09:00:00,1692.46,PGE
2018-10-03 10:00:00,1664.18,PGE
2018-10-03 11:00:00,1672.95,PGE
2018-10-03 12:00:00,1761.87,PGE
2018-10-03 13:00:00,1936.42,PGE
2018-10-03 14:00:00,2125.29,PGE
2018-10-03 15:00:00,2429.43,PGE
2018-10-03 16:00:00,2435.13,PGE
2018-10-03 17:00:00,2459.48,PGE
2018-10-03 18:00:00,2493.89,PGE
2018-10-03 19:00:00,2487.37,PGE
2018-10-03 20:00:00,2467.83,PGE
2018-10-03 21:00:00,2427.33,PGE
2018-10-03 22:00:00,2399.75,PGE
2018-10-03 23:00:00,2407.92,PGE
2018-10-04 00:00:00,2303.31,PGE
2018-10-04 01:00:00,2349.41,PGE
2018-10-04 02:00:00,2463.27,PGE
2018-10-04 03:00:00,2553.45,PGE
2018-10-04 04:00:00,2529.62,PGE
2018-10-04 05:00:00,2367.27,PGE
2018-10-04 06:00:00,2211.17,PGE
2018-10-04 07:00:00,2046.65,PGE
2018-10-04 08:00:00,1874.64,PGE
2018-10-04 09:00:00,1734.79,PGE
2018-10-04 10:00:00,1687.17,PGE
2018-10-04 11:00:00,1703.71,PGE
2018-10-04 12:00:00,1802.08,PGE
2018-10-04 13:00:00,1975.1,PGE
2018-10-04 14:00:00,2143.11,PGE
2018-10-04 15:00:00,2451.43,PGE
2018-10-04 16:00:00,2464.39,PGE
2018-10-04 17:00:00,2480.91,PGE
2018-10-04 18:00:00,2496.26,PGE
2018-10-04 19:00:00,2477.83,PGE
2018-10-04 20:00:00,2445.66,PGE
2018-10-04 21:00:00,2414.35,PGE
2018-10-04 22:00:00,2378.48,PGE
2018-10-04 23:00:00,2355.47,PGE
2018-10-05 00:00:00,2312.44,PGE
2018-10-05 01:00:00,2408.56,PGE
2018-10-05 02:00:00,2431.81,PGE
2018-10-05 03:00:00,2489.2,PGE
2018-10-05 04:00:00,2472.35,PGE
2018-10-05 05:00:00,2299.03,PGE
2018-10-05 06:00:00,2135.5,PGE
2018-10-05 07:00:00,1979.78,PGE
2018-10-05 08:00:00,1825.61,PGE
2018-10-05 09:00:00,1718.18,PGE
2018-10-05 10:00:00,1694.88,PGE
2018-10-05 11:00:00,1696.63,PGE
2018-10-05 12:00:00,1801.9,PGE
2018-10-05 13:00:00,1984.78,PGE
2018-10-05 14:00:00,2160.07,PGE
2018-10-05 15:00:00,2416.98,PGE
2018-10-05 16:00:00,2519.17,PGE
2018-10-05 17:00:00,2558.47,PGE
2018-10-05 18:00:00,2552.7,PGE
2018-10-05 19:00:00,2565.7,PGE
2018-10-05 20:00:00,2563.26,PGE
2018-10-05 21:00:00,2570.17,PGE
2018-10-05 22:00:00,2588.05,PGE
2018-10-05 23:00:00,2619.55,PGE
2018-10-06 00:00:00,2405.24,PGE
2018-10-06 01:00:00,2439.89,PGE
2018-10-06 02:00:00,2451.72,PGE
2018-10-06 03:00:00,2411.6,PGE
2018-10-06 04:00:00,2353.14,PGE
2018-10-06 05:00:00,2226.47,PGE
2018-10-06 06:00:00,2072.09,PGE
2018-10-06 07:00:00,1937.59,PGE
2018-10-06 08:00:00,1807.04,PGE
2018-10-06 09:00:00,1694.19,PGE
2018-10-06 10:00:00,1637.37,PGE
2018-10-06 11:00:00,1616.78,PGE
2018-10-06 12:00:00,1626.87,PGE
2018-10-06 13:00:00,1658.36,PGE
2018-10-06 14:00:00,1747.41,PGE
2018-10-06 15:00:00,1871.27,PGE
2018-10-06 16:00:00,2064.59,PGE
2018-10-06 17:00:00,2151.04,PGE
2018-10-06 18:00:00,2201.59,PGE
2018-10-06 19:00:00,2240.16,PGE
2018-10-06 20:00:00,2231.98,PGE
2018-10-06 21:00:00,2224.52,PGE
2018-10-06 22:00:00,2207.51,PGE
2018-10-06 23:00:00,2220.42,PGE
2018-10-07 00:00:00,2264.3,PGE
2018-10-07 01:00:00,2236.97,PGE
2018-10-07 02:00:00,2289.91,PGE
2018-10-07 03:00:00,2318.19,PGE
2018-10-07 04:00:00,2304.31,PGE
2018-10-07 05:00:00,2176.05,PGE
2018-10-07 06:00:00,2070.03,PGE
2018-10-07 07:00:00,1934.76,PGE
2018-10-07 08:00:00,1810.13,PGE
2018-10-07 09:00:00,1731.18,PGE
2018-10-07 10:00:00,1681.8,PGE
2018-10-07 11:00:00,1667.67,PGE
2018-10-07 12:00:00,1687.84,PGE
2018-10-07 13:00:00,1736.94,PGE
2018-10-07 14:00:00,1831.33,PGE
2018-10-07 15:00:00,2035.25,PGE
2018-10-07 16:00:00,2157.78,PGE
2018-10-07 17:00:00,2229.46,PGE
2018-10-07 18:00:00,2250.28,PGE
2018-10-07 19:00:00,2292.09,PGE
2018-10-07 20:00:00,2314.61,PGE
2018-10-07 21:00:00,2334.14,PGE
2018-10-07 22:00:00,2361.79,PGE
2018-10-07 23:00:00,2376.4,PGE
2018-10-08 00:00:00,2337.45,PGE
2018-10-08 01:00:00,2441.83,PGE
2018-10-08 02:00:00,2504.38,PGE
2018-10-08 03:00:00,2533.69,PGE
2018-10-08 04:00:00,2425.16,PGE
2018-10-08 05:00:00,2282.23,PGE
2018-10-08 06:00:00,2132.62,PGE
2018-10-08 07:00:00,1965.5,PGE
2018-10-08 08:00:00,1820.51,PGE
2018-10-08 09:00:00,1729.0,PGE
2018-10-08 10:00:00,1679.57,PGE
2018-10-08 11:00:00,1659.61,PGE
2018-10-08 12:00:00,1700.32,PGE
2018-10-08 13:00:00,1788.29,PGE
2018-10-08 14:00:00,1911.2,PGE
2018-10-08 15:00:00,2038.21,PGE
2018-10-08 16:00:00,2163.25,PGE
2018-10-08 17:00:00,2247.81,PGE
2018-10-08 18:00:00,2313.34,PGE
2018-10-08 19:00:00,2374.17,PGE
2018-10-08 20:00:00,2402.58,PGE
2018-10-08 21:00:00,2425.94,PGE
2018-10-08 22:00:00,2449.47,PGE
2018-10-08 23:00:00,2477.06,PGE
2018-10-09 00:00:00,2430.03,PGE
2018-10-09 01:00:00,2492.58,PGE
2018-10-09 02:00:00,2542.4,PGE
2018-10-09 03:00:00,2534.06,PGE
2018-10-09 04:00:00,2481.79,PGE
2018-10-09 05:00:00,2361.22,PGE
2018-10-09 06:00:00,2197.57,PGE
2018-10-09 07:00:00,2046.36,PGE
2018-10-09 08:00:00,1904.01,PGE
2018-10-09 09:00:00,1778.6,PGE
2018-10-09 10:00:00,1735.19,PGE
2018-10-09 11:00:00,1731.07,PGE
2018-10-09 12:00:00,1774.25,PGE
2018-10-09 13:00:00,1907.64,PGE
2018-10-09 14:00:00,2075.81,PGE
2018-10-09 15:00:00,2272.01,PGE
2018-10-09 16:00:00,2445.46,PGE
2018-10-09 17:00:00,2468.67,PGE
2018-10-09 18:00:00,2483.61,PGE
2018-10-09 19:00:00,2498.11,PGE
2018-10-09 20:00:00,2514.04,PGE
2018-10-09 21:00:00,2516.41,PGE
2018-10-09 22:00:00,2517.59,PGE
2018-10-09 23:00:00,2507.41,PGE
2018-10-10 00:00:00,2316.41,PGE
2018-10-10 01:00:00,2436.39,PGE
2018-10-10 02:00:00,2514.26,PGE
2018-10-10 03:00:00,2531.81,PGE
2018-10-10 04:00:00,2464.64,PGE
2018-10-10 05:00:00,2305.8,PGE
2018-10-10 06:00:00,2126.5,PGE
2018-10-10 07:00:00,1953.65,PGE
2018-10-10 08:00:00,1814.59,PGE
2018-10-10 09:00:00,1706.98,PGE
2018-10-10 10:00:00,1671.82,PGE
2018-10-10 11:00:00,1665.35,PGE
2018-10-10 12:00:00,1739.39,PGE
2018-10-10 13:00:00,1898.47,PGE
2018-10-10 14:00:00,2067.78,PGE
2018-10-10 15:00:00,2318.38,PGE
2018-10-10 16:00:00,2361.28,PGE
2018-10-10 17:00:00,2385.42,PGE
2018-10-10 18:00:00,2421.12,PGE
2018-10-10 19:00:00,2427.39,PGE
2018-10-10 20:00:00,2417.99,PGE
2018-10-10 21:00:00,2402.27,PGE
2018-10-10 22:00:00,2370.04,PGE
2018-10-10 23:00:00,2353.87,PGE
2018-10-11 00:00:00,2309.86,PGE
2018-10-11 01:00:00,2389.22,PGE
2018-10-11 02:00:00,2437.14,PGE
2018-10-11 03:00:00,2479.34,PGE
2018-10-11 04:00:00,2449.22,PGE
2018-10-11 05:00:00,2267.63,PGE
2018-10-11 06:00:00,2096.71,PGE
2018-10-11 07:00:00,1938.92,PGE
2018-10-11 08:00:00,1802.3,PGE
2018-10-11 09:00:00,1693.87,PGE
2018-10-11 10:00:00,1655.01,PGE
2018-10-11 11:00:00,1670.82,PGE
2018-10-11 12:00:00,1766.88,PGE
2018-10-11 13:00:00,1935.4,PGE
2018-10-11 14:00:00,2114.36,PGE
2018-10-11 15:00:00,2392.23,PGE
2018-10-11 16:00:00,2451.52,PGE
2018-10-11 17:00:00,2469.1,PGE
2018-10-11 18:00:00,2461.87,PGE
2018-10-11 19:00:00,2438.98,PGE
2018-10-11 20:00:00,2421.68,PGE
2018-10-11 21:00:00,2390.01,PGE
2018-10-11 22:00:00,2362.53,PGE
2018-10-11 23:00:00,2342.04,PGE
2018-10-12 00:00:00,2289.14,PGE
2018-10-12 01:00:00,2357.99,PGE
2018-10-12 02:00:00,2434.47,PGE
2018-10-12 03:00:00,2478.58,PGE
2018-10-12 04:00:00,2447.24,PGE
2018-10-12 05:00:00,2277.85,PGE
2018-10-12 06:00:00,2110.74,PGE
2018-10-12 07:00:00,1948.34,PGE
2018-10-12 08:00:00,1802.92,PGE
2018-10-12 09:00:00,1691.61,PGE
2018-10-12 10:00:00,1652.07,PGE
2018-10-12 11:00:00,1674.26,PGE
2018-10-12 12:00:00,1768.23,PGE
2018-10-12 13:00:00,1929.36,PGE
2018-10-12 14:00:00,2106.59,PGE
2018-10-12 15:00:00,2404.94,PGE
2018-10-12 16:00:00,2438.02,PGE
2018-10-12 17:00:00,2431.98,PGE
2018-10-12 18:00:00,2454.64,PGE
2018-10-12 19:00:00,2434.77,PGE
2018-10-12 20:00:00,2416.97,PGE
2018-10-12 21:00:00,2407.22,PGE
2018-10-12 22:00:00,2391.32,PGE
2018-10-12 23:00:00,2386.44,PGE
2018-10-13 00:00:00,2265.65,PGE
2018-10-13 01:00:00,2280.12,PGE
2018-10-13 02:00:00,2295.48,PGE
2018-10-13 03:00:00,2325.15,PGE
2018-10-13 04:00:00,2307.27,PGE
2018-10-13 05:00:00,2173.88,PGE
2018-10-13 06:00:00,2047.56,PGE
2018-10-13 07:00:00,1921.86,PGE
2018-10-13 08:00:00,1791.52,PGE
2018-10-13 09:00:00,1706.46,PGE
2018-10-13 10:00:00,1655.49,PGE
2018-10-13 11:00:00,1637.6,PGE
2018-10-13 12:00:00,1638.52,PGE
2018-10-13 13:00:00,1679.55,PGE
2018-10-13 14:00:00,1783.32,PGE
2018-10-13 15:00:00,1957.12,PGE
2018-10-13 16:00:00,2105.37,PGE
2018-10-13 17:00:00,2185.64,PGE
2018-10-13 18:00:00,2230.48,PGE
2018-10-13 19:00:00,2244.3,PGE
2018-10-13 20:00:00,2245.76,PGE
2018-10-13 21:00:00,2216.04,PGE
2018-10-13 22:00:00,2174.16,PGE
2018-10-13 23:00:00,2158.56,PGE
2018-10-14 00:00:00,2277.78,PGE
2018-10-14 01:00:00,2245.54,PGE
2018-10-14 02:00:00,2325.54,PGE
2018-10-14 03:00:00,2347.42,PGE
2018-10-14 04:00:00,2349.86,PGE
2018-10-14 05:00:00,2234.0,PGE
2018-10-14 06:00:00,2106.95,PGE
2018-10-14 07:00:00,1962.15,PGE
2018-10-14 08:00:00,1830.99,PGE
2018-10-14 09:00:00,1739.04,PGE
2018-10-14 10:00:00,1695.44,PGE
2018-10-14 11:00:00,1681.85,PGE
2018-10-14 12:00:00,1692.27,PGE
2018-10-14 13:00:00,1743.56,PGE
2018-10-14 14:00:00,1829.65,PGE
2018-10-14 15:00:00,1991.39,PGE
2018-10-14 16:00:00,2183.92,PGE
2018-10-14 17:00:00,2259.05,PGE
2018-10-14 18:00:00,2334.93,PGE
2018-10-14 19:00:00,2358.46,PGE
2018-10-14 20:00:00,2336.98,PGE
2018-10-14 21:00:00,2280.8,PGE
2018-10-14 22:00:00,2199.55,PGE
2018-10-14 23:00:00,2158.08,PGE
2018-10-15 00:00:00,2301.68,PGE
2018-10-15 01:00:00,2392.74,PGE
2018-10-15 02:00:00,2486.29,PGE
2018-10-15 03:00:00,2536.69,PGE
2018-10-15 04:00:00,2538.36,PGE
2018-10-15 05:00:00,2382.45,PGE
2018-10-15 06:00:00,2212.46,PGE
2018-10-15 07:00:00,2042.9,PGE
2018-10-15 08:00:00,1876.9,PGE
2018-10-15 09:00:00,1747.63,PGE
2018-10-15 10:00:00,1695.31,PGE
2018-10-15 11:00:00,1722.03,PGE
2018-10-15 12:00:00,1809.89,PGE
2018-10-15 13:00:00,1962.83,PGE
2018-10-15 14:00:00,2132.82,PGE
2018-10-15 15:00:00,2411.5,PGE
2018-10-15 16:00:00,2505.25,PGE
2018-10-15 17:00:00,2459.08,PGE
2018-10-15 18:00:00,2447.16,PGE
2018-10-15 19:00:00,2443.22,PGE
2018-10-15 20:00:00,2443.49,PGE
2018-10-15 21:00:00,2428.69,PGE
2018-10-15 22:00:00,2388.9,PGE
2018-10-15 23:00:00,2364.87,PGE
2018-10-16 00:00:00,2358.86,PGE
2018-10-16 01:00:00,2421.71,PGE
2018-10-16 02:00:00,2478.28,PGE
2018-10-16 03:00:00,2492.19,PGE
2018-10-16 04:00:00,2463.38,PGE
2018-10-16 05:00:00,2300.32,PGE
2018-10-16 06:00:00,2129.85,PGE
2018-10-16 07:00:00,1965.99,PGE
2018-10-16 08:00:00,1809.87,PGE
2018-10-16 09:00:00,1701.89,PGE
2018-10-16 10:00:00,1658.03,PGE
2018-10-16 11:00:00,1681.01,PGE
2018-10-16 12:00:00,1760.7,PGE
2018-10-16 13:00:00,1900.04,PGE
2018-10-16 14:00:00,2065.5,PGE
2018-10-16 15:00:00,2354.77,PGE
2018-10-16 16:00:00,2436.77,PGE
2018-10-16 17:00:00,2421.46,PGE
2018-10-16 18:00:00,2426.77,PGE
2018-10-16 19:00:00,2443.51,PGE
2018-10-16 20:00:00,2448.2,PGE
2018-10-16 21:00:00,2429.72,PGE
2018-10-16 22:00:00,2398.25,PGE
2018-10-16 23:00:00,2372.43,PGE
2018-10-17 00:00:00,2355.37,PGE
2018-10-17 01:00:00,2425.63,PGE
2018-10-17 02:00:00,2486.34,PGE
2018-10-17 03:00:00,2496.86,PGE
2018-10-17 04:00:00,2461.01,PGE
2018-10-17 05:00:00,2304.67,PGE
2018-10-17 06:00:00,2131.05,PGE
2018-10-17 07:00:00,1961.84,PGE
2018-10-17 08:00:00,1808.67,PGE
2018-10-17 09:00:00,1706.26,PGE
2018-10-17 10:00:00,1661.63,PGE
2018-10-17 11:00:00,1688.11,PGE
2018-10-17 12:00:00,1766.07,PGE
2018-10-17 13:00:00,1905.05,PGE
2018-10-17 14:00:00,2073.51,PGE
2018-10-17 15:00:00,2331.44,PGE
2018-10-17 16:00:00,2442.44,PGE
2018-10-17 17:00:00,2412.48,PGE
2018-10-17 18:00:00,2418.69,PGE
2018-10-17 19:00:00,2437.83,PGE
2018-10-17 20:00:00,2453.4,PGE
2018-10-17 21:00:00,2445.33,PGE
2018-10-17 22:00:00,2424.77,PGE
2018-10-17 23:00:00,2409.62,PGE
2018-10-18 00:00:00,2363.96,PGE
2018-10-18 01:00:00,2433.83,PGE
2018-10-18 02:00:00,2462.97,PGE
2018-10-18 03:00:00,2482.4,PGE
2018-10-18 04:00:00,2448.35,PGE
2018-10-18 05:00:00,2285.29,PGE
2018-10-18 06:00:00,2112.33,PGE
2018-10-18 07:00:00,1945.99,PGE
2018-10-18 08:00:00,1795.11,PGE
2018-10-18 09:00:00,1689.4,PGE
2018-10-18 10:00:00,1648.66,PGE
2018-10-18 11:00:00,1672.74,PGE
2018-10-18 12:00:00,1766.14,PGE
2018-10-18 13:00:00,1915.93,PGE
2018-10-18 14:00:00,2090.73,PGE
2018-10-18 15:00:00,2348.25,PGE
2018-10-18 16:00:00,2436.31,PGE
2018-10-18 17:00:00,2414.47,PGE
2018-10-18 18:00:00,2432.16,PGE
2018-10-18 19:00:00,2422.61,PGE
2018-10-18 20:00:00,2419.09,PGE
2018-10-18 21:00:00,2424.85,PGE
2018-10-18 22:00:00,2419.48,PGE
2018-10-18 23:00:00,2429.5,PGE
2018-10-19 00:00:00,2327.45,PGE
2018-10-19 01:00:00,2425.98,PGE
2018-10-19 02:00:00,2447.02,PGE
2018-10-19 03:00:00,2476.97,PGE
2018-10-19 04:00:00,2441.83,PGE
2018-10-19 05:00:00,2255.81,PGE
2018-10-19 06:00:00,2079.23,PGE
2018-10-19 07:00:00,1925.14,PGE
2018-10-19 08:00:00,1788.6,PGE
2018-10-19 09:00:00,1680.66,PGE
2018-10-19 10:00:00,1644.29,PGE
2018-10-19 11:00:00,1664.04,PGE
2018-10-19 12:00:00,1754.43,PGE
2018-10-19 13:00:00,1907.42,PGE
2018-10-19 14:00:00,2086.46,PGE
2018-10-19 15:00:00,2338.51,PGE
2018-10-19 16:00:00,2419.8,PGE
2018-10-19 17:00:00,2405.26,PGE
2018-10-19 18:00:00,2424.69,PGE
2018-10-19 19:00:00,2422.88,PGE
2018-10-19 20:00:00,2437.82,PGE
2018-10-19 21:00:00,2453.71,PGE
2018-10-19 22:00:00,2458.35,PGE
2018-10-19 23:00:00,2490.95,PGE
2018-10-20 00:00:00,2340.26,PGE
2018-10-20 01:00:00,2323.16,PGE
2018-10-20 02:00:00,2318.72,PGE
2018-10-20 03:00:00,2310.6,PGE
2018-10-20 04:00:00,2277.77,PGE
2018-10-20 05:00:00,2158.3,PGE
2018-10-20 06:00:00,2044.24,PGE
2018-10-20 07:00:00,1905.12,PGE
2018-10-20 08:00:00,1774.18,PGE
2018-10-20 09:00:00,1704.61,PGE
2018-10-20 10:00:00,1665.17,PGE
2018-10-20 11:00:00,1650.77,PGE
2018-10-20 12:00:00,1659.67,PGE
2018-10-20 13:00:00,1707.54,PGE
2018-10-20 14:00:00,1784.75,PGE
2018-10-20 15:00:00,1956.58,PGE
2018-10-20 16:00:00,2069.84,PGE
2018-10-20 17:00:00,2106.89,PGE
2018-10-20 18:00:00,2157.53,PGE
2018-10-20 19:00:00,2189.48,PGE
2018-10-20 20:00:00,2192.54,PGE
2018-10-20 21:00:00,2189.61,PGE
2018-10-20 22:00:00,2180.1,PGE
2018-10-20 23:00:00,2203.37,PGE
2018-10-21 00:00:00,2310.69,PGE
2018-10-21 01:00:00,2318.08,PGE
2018-10-21 02:00:00,2311.08,PGE
2018-10-21 03:00:00,2316.27,PGE
2018-10-21 04:00:00,2284.55,PGE
2018-10-21 05:00:00,2169.31,PGE
2018-10-21 06:00:00,2044.38,PGE
2018-10-21 07:00:00,1904.33,PGE
2018-10-21 08:00:00,1770.54,PGE
2018-10-21 09:00:00,1696.55,PGE
2018-10-21 10:00:00,1658.31,PGE
2018-10-21 11:00:00,1647.7,PGE
2018-10-21 12:00:00,1659.29,PGE
2018-10-21 13:00:00,1706.6,PGE
2018-10-21 14:00:00,1784.2,PGE
2018-10-21 15:00:00,1936.17,PGE
2018-10-21 16:00:00,2080.11,PGE
2018-10-21 17:00:00,2138.98,PGE
2018-10-21 18:00:00,2182.87,PGE
2018-10-21 19:00:00,2201.04,PGE
2018-10-21 20:00:00,2199.16,PGE
2018-10-21 21:00:00,2182.91,PGE
2018-10-21 22:00:00,2181.19,PGE
2018-10-21 23:00:00,2220.51,PGE
2018-10-22 00:00:00,2343.83,PGE
2018-10-22 01:00:00,2434.98,PGE
2018-10-22 02:00:00,2454.57,PGE
2018-10-22 03:00:00,2480.19,PGE
2018-10-22 04:00:00,2441.97,PGE
2018-10-22 05:00:00,2267.1,PGE
2018-10-22 06:00:00,2094.85,PGE
2018-10-22 07:00:00,1932.39,PGE
2018-10-22 08:00:00,1796.92,PGE
2018-10-22 09:00:00,1691.32,PGE
2018-10-22 10:00:00,1657.5,PGE
2018-10-22 11:00:00,1679.43,PGE
2018-10-22 12:00:00,1776.3,PGE
2018-10-22 13:00:00,1938.16,PGE
2018-10-22 14:00:00,2114.77,PGE
2018-10-22 15:00:00,2382.93,PGE
2018-10-22 16:00:00,2465.46,PGE
2018-10-22 17:00:00,2432.43,PGE
2018-10-22 18:00:00,2444.28,PGE
2018-10-22 19:00:00,2426.59,PGE
2018-10-22 20:00:00,2421.2,PGE
2018-10-22 21:00:00,2423.31,PGE
2018-10-22 22:00:00,2417.38,PGE
2018-10-22 23:00:00,2443.2,PGE
2018-10-23 00:00:00,2348.94,PGE
2018-10-23 01:00:00,2437.6,PGE
2018-10-23 02:00:00,2468.85,PGE
2018-10-23 03:00:00,2488.54,PGE
2018-10-23 04:00:00,2452.64,PGE
2018-10-23 05:00:00,2286.88,PGE
2018-10-23 06:00:00,2113.98,PGE
2018-10-23 07:00:00,1948.14,PGE
2018-10-23 08:00:00,1805.38,PGE
2018-10-23 09:00:00,1697.79,PGE
2018-10-23 10:00:00,1661.12,PGE
2018-10-23 11:00:00,1680.16,PGE
2018-10-23 12:00:00,1773.82,PGE
2018-10-23 13:00:00,1938.29,PGE
2018-10-23 14:00:00,2120.91,PGE
2018-10-23 15:00:00,2367.79,PGE
2018-10-23 16:00:00,2524.35,PGE
2018-10-23 17:00:00,2483.91,PGE
2018-10-23 18:00:00,2474.86,PGE
2018-10-23 19:00:00,2456.02,PGE
2018-10-23 20:00:00,2462.26,PGE
2018-10-23 21:00:00,2488.21,PGE
2018-10-23 22:00:00,2538.65,PGE
2018-10-23 23:00:00,2576.31,PGE
2018-10-24 00:00:00,2420.77,PGE
2018-10-24 01:00:00,2498.65,PGE
2018-10-24 02:00:00,2563.59,PGE
2018-10-24 03:00:00,2547.2,PGE
2018-10-24 04:00:00,2477.45,PGE
2018-10-24 05:00:00,2329.12,PGE
2018-10-24 06:00:00,2137.69,PGE
2018-10-24 07:00:00,1961.89,PGE
2018-10-24 08:00:00,1819.86,PGE
2018-10-24 09:00:00,1729.87,PGE
2018-10-24 10:00:00,1684.59,PGE
2018-10-24 11:00:00,1673.3,PGE
2018-10-24 12:00:00,1747.8,PGE
2018-10-24 13:00:00,1900.13,PGE
2018-10-24 14:00:00,2064.13,PGE
2018-10-24 15:00:00,2245.84,PGE
2018-10-24 16:00:00,2381.56,PGE
2018-10-24 17:00:00,2392.6,PGE
2018-10-24 18:00:00,2421.26,PGE
2018-10-24 19:00:00,2411.85,PGE
2018-10-24 20:00:00,2410.45,PGE
2018-10-24 21:00:00,2405.54,PGE
2018-10-24 22:00:00,2396.45,PGE
2018-10-24 23:00:00,2396.01,PGE
2018-10-25 00:00:00,2289.02,PGE
2018-10-25 01:00:00,2396.68,PGE
2018-10-25 02:00:00,2442.08,PGE
2018-10-25 03:00:00,2518.09,PGE
2018-10-25 04:00:00,2472.26,PGE
2018-10-25 05:00:00,2323.96,PGE
2018-10-25 06:00:00,2139.15,PGE
2018-10-25 07:00:00,1959.08,PGE
2018-10-25 08:00:00,1811.03,PGE
2018-10-25 09:00:00,1690.21,PGE
2018-10-25 10:00:00,1660.42,PGE
2018-10-25 11:00:00,1672.37,PGE
2018-10-25 12:00:00,1775.8,PGE
2018-10-25 13:00:00,1946.38,PGE
2018-10-25 14:00:00,2119.64,PGE
2018-10-25 15:00:00,2311.81,PGE
2018-10-25 16:00:00,2504.73,PGE
2018-10-25 17:00:00,2570.76,PGE
2018-10-25 18:00:00,2553.95,PGE
2018-10-25 19:00:00,2530.21,PGE
2018-10-25 20:00:00,2534.09,PGE
2018-10-25 21:00:00,2538.83,PGE
2018-10-25 22:00:00,2550.39,PGE
2018-10-25 23:00:00,2564.06,PGE
2018-10-26 00:00:00,2430.69,PGE
2018-10-26 01:00:00,2514.31,PGE
2018-10-26 02:00:00,2561.66,PGE
2018-10-26 03:00:00,2548.99,PGE
2018-10-26 04:00:00,2479.89,PGE
2018-10-26 05:00:00,2335.28,PGE
2018-10-26 06:00:00,2146.42,PGE
2018-10-26 07:00:00,1978.68,PGE
2018-10-26 08:00:00,1854.52,PGE
2018-10-26 09:00:00,1753.31,PGE
2018-10-26 10:00:00,1704.6,PGE
2018-10-26 11:00:00,1716.21,PGE
2018-10-26 12:00:00,1769.08,PGE
2018-10-26 13:00:00,1914.49,PGE
2018-10-26 14:00:00,2082.51,PGE
2018-10-26 15:00:00,2245.27,PGE
2018-10-26 16:00:00,2387.02,PGE
2018-10-26 17:00:00,2444.64,PGE
2018-10-26 18:00:00,2475.4,PGE
2018-10-26 19:00:00,2498.01,PGE
2018-10-26 20:00:00,2517.26,PGE
2018-10-26 21:00:00,2523.9,PGE
2018-10-26 22:00:00,2526.34,PGE
2018-10-26 23:00:00,2550.05,PGE
2018-10-27 00:00:00,2328.72,PGE
2018-10-27 01:00:00,2370.4,PGE
2018-10-27 02:00:00,2382.03,PGE
2018-10-27 03:00:00,2386.22,PGE
2018-10-27 04:00:00,2350.51,PGE
2018-10-27 05:00:00,2251.13,PGE
2018-10-27 06:00:00,2127.75,PGE
2018-10-27 07:00:00,1982.05,PGE
2018-10-27 08:00:00,1833.09,PGE
2018-10-27 09:00:00,1732.5,PGE
2018-10-27 10:00:00,1659.12,PGE
2018-10-27 11:00:00,1630.42,PGE
2018-10-27 12:00:00,1640.4,PGE
2018-10-27 13:00:00,1671.41,PGE
2018-10-27 14:00:00,1743.08,PGE
2018-10-27 15:00:00,1871.76,PGE
2018-10-27 16:00:00,2014.03,PGE
2018-10-27 17:00:00,2049.76,PGE
2018-10-27 18:00:00,2111.53,PGE
2018-10-27 19:00:00,2149.34,PGE
2018-10-27 20:00:00,2216.32,PGE
2018-10-27 21:00:00,2290.07,PGE
2018-10-27 22:00:00,2324.11,PGE
2018-10-27 23:00:00,2350.98,PGE
2018-10-28 00:00:00,2311.7,PGE
2018-10-28 01:00:00,2350.04,PGE
2018-10-28 02:00:00,2385.7,PGE
2018-10-28 03:00:00,2394.32,PGE
2018-10-28 04:00:00,2360.86,PGE
2018-10-28 05:00:00,2305.74,PGE
2018-10-28 06:00:00,2184.61,PGE
2018-10-28 07:00:00,2025.88,PGE
2018-10-28 08:00:00,1854.98,PGE
2018-10-28 09:00:00,1735.64,PGE
2018-10-28 10:00:00,1672.88,PGE
2018-10-28 11:00:00,1632.11,PGE
2018-10-28 12:00:00,1637.91,PGE
2018-10-28 13:00:00,1662.77,PGE
2018-10-28 14:00:00,1749.09,PGE
2018-10-28 15:00:00,1853.92,PGE
2018-10-28 16:00:00,2014.0,PGE
2018-10-28 17:00:00,2150.93,PGE
2018-10-28 18:00:00,2227.76,PGE
2018-10-28 19:00:00,2264.95,PGE
2018-10-28 20:00:00,2291.3,PGE
2018-10-28 21:00:00,2313.81,PGE
2018-10-28 22:00:00,2296.58,PGE
2018-10-28 23:00:00,2286.92,PGE
2018-10-29 00:00:00,2287.55,PGE
2018-10-29 01:00:00,2439.69,PGE
2018-10-29 02:00:00,2518.41,PGE
2018-10-29 03:00:00,2543.88,PGE
2018-10-29 04:00:00,2483.14,PGE
2018-10-29 05:00:00,2340.21,PGE
2018-10-29 06:00:00,2151.8,PGE
2018-10-29 07:00:00,1981.43,PGE
2018-10-29 08:00:00,1828.24,PGE
2018-10-29 09:00:00,1724.55,PGE
2018-10-29 10:00:00,1681.54,PGE
2018-10-29 11:00:00,1682.76,PGE
2018-10-29 12:00:00,1753.11,PGE
2018-10-29 13:00:00,1912.75,PGE
2018-10-29 14:00:00,2081.12,PGE
2018-10-29 15:00:00,2249.64,PGE
2018-10-29 16:00:00,2438.5,PGE
2018-10-29 17:00:00,2470.59,PGE
2018-10-29 18:00:00,2447.09,PGE
2018-10-29 19:00:00,2421.71,PGE
2018-10-29 20:00:00,2443.84,PGE
2018-10-29 21:00:00,2461.7,PGE
2018-10-29 22:00:00,2475.08,PGE
2018-10-29 23:00:00,2489.68,PGE
2018-10-30 00:00:00,2325.6,PGE
2018-10-30 01:00:00,2429.2,PGE
2018-10-30 02:00:00,2492.38,PGE
2018-10-30 03:00:00,2544.81,PGE
2018-10-30 04:00:00,2485.09,PGE
2018-10-30 05:00:00,2331.85,PGE
2018-10-30 06:00:00,2146.47,PGE
2018-10-30 07:00:00,1957.56,PGE
2018-10-30 08:00:00,1803.0,PGE
2018-10-30 09:00:00,1695.21,PGE
2018-10-30 10:00:00,1671.78,PGE
2018-10-30 11:00:00,1669.54,PGE
2018-10-30 12:00:00,1760.34,PGE
2018-10-30 13:00:00,1930.45,PGE
2018-10-30 14:00:00,2101.88,PGE
2018-10-30 15:00:00,2274.05,PGE
2018-10-30 16:00:00,2480.85,PGE
2018-10-30 17:00:00,2504.91,PGE
2018-10-30 18:00:00,2475.69,PGE
2018-10-30 19:00:00,2436.76,PGE
2018-10-30 20:00:00,2409.96,PGE
2018-10-30 21:00:00,2401.9,PGE
2018-10-30 22:00:00,2408.61,PGE
2018-10-30 23:00:00,2434.05,PGE
2018-10-31 00:00:00,2273.16,PGE
2018-10-31 01:00:00,2395.67,PGE
2018-10-31 02:00:00,2500.36,PGE
2018-10-31 03:00:00,2580.56,PGE
2018-10-31 04:00:00,2534.84,PGE
2018-10-31 05:00:00,2375.09,PGE
2018-10-31 06:00:00,2191.3,PGE
2018-10-31 07:00:00,2012.12,PGE
2018-10-31 08:00:00,1851.09,PGE
2018-10-31 09:00:00,1740.28,PGE
2018-10-31 10:00:00,1689.49,PGE
2018-10-31 11:00:00,1681.11,PGE
2018-10-31 12:00:00,1759.22,PGE
2018-10-31 13:00:00,1921.31,PGE
2018-10-31 14:00:00,2083.78,PGE
2018-10-31 15:00:00,2246.52,PGE
2018-10-31 16:00:00,2418.93,PGE
2018-10-31 17:00:00,2481.38,PGE
2018-10-31 18:00:00,2498.73,PGE
2018-10-31 19:00:00,2500.98,PGE
2018-10-31 20:00:00,2516.06,PGE
2018-10-31 21:00:00,2530.39,PGE
2018-10-31 22:00:00,2547.38,PGE
2018-10-31 23:00:00,2562.71,PGE
2018-11-01 00:00:00,2478.92,PGE
2018-11-01 01:00:00,2549.86,PGE
2018-11-01 02:00:00,2606.22,PGE
2018-11-01 03:00:00,2600.99,PGE
2018-11-01 04:00:00,2531.53,PGE
2018-11-01 05:00:00,2407.58,PGE
2018-11-01 06:00:00,2226.08,PGE
2018-11-01 07:00:00,2069.61,PGE
2018-11-01 08:00:00,1928.52,PGE
2018-11-01 09:00:00,1836.32,PGE
2018-11-01 10:00:00,1792.59,PGE
2018-11-01 11:00:00,1788.02,PGE
2018-11-01 12:00:00,1835.67,PGE
2018-11-01 13:00:00,1970.67,PGE
2018-11-01 14:00:00,2137.84,PGE
2018-11-01 15:00:00,2291.4,PGE
2018-11-01 16:00:00,2426.2,PGE
2018-11-01 17:00:00,2483.43,PGE
2018-11-01 18:00:00,2509.05,PGE
2018-11-01 19:00:00,2533.18,PGE
2018-11-01 20:00:00,2562.57,PGE
2018-11-01 21:00:00,2581.24,PGE
2018-11-01 22:00:00,2595.71,PGE
2018-11-01 23:00:00,2606.91,PGE
2018-11-02 00:00:00,2496.72,PGE
2018-11-02 01:00:00,2539.38,PGE
2018-11-02 02:00:00,2584.52,PGE
2018-11-02 03:00:00,2611.82,PGE
2018-11-02 04:00:00,2545.18,PGE
2018-11-02 05:00:00,2414.43,PGE
2018-11-02 06:00:00,2232.3,PGE
2018-11-02 07:00:00,2057.77,PGE
2018-11-02 08:00:00,1920.47,PGE
2018-11-02 09:00:00,1799.88,PGE
2018-11-02 10:00:00,1744.72,PGE
2018-11-02 11:00:00,1743.49,PGE
2018-11-02 12:00:00,1794.67,PGE
2018-11-02 13:00:00,1946.76,PGE
2018-11-02 14:00:00,2120.9,PGE
2018-11-02 15:00:00,2290.47,PGE
2018-11-02 16:00:00,2437.41,PGE
2018-11-02 17:00:00,2499.77,PGE
2018-11-02 18:00:00,2529.75,PGE
2018-11-02 19:00:00,2530.25,PGE
2018-11-02 20:00:00,2539.67,PGE
2018-11-02 21:00:00,2561.53,PGE
2018-11-02 22:00:00,2506.22,PGE
2018-11-02 23:00:00,2503.77,PGE
2018-11-03 00:00:00,2276.25,PGE
2018-11-03 01:00:00,2346.35,PGE
2018-11-03 02:00:00,2378.59,PGE
2018-11-03 03:00:00,2420.84,PGE
2018-11-03 04:00:00,2403.97,PGE
2018-11-03 05:00:00,2272.15,PGE
2018-11-03 06:00:00,2150.95,PGE
2018-11-03 07:00:00,2017.48,PGE
2018-11-03 08:00:00,1878.32,PGE
2018-11-03 09:00:00,1782.46,PGE
2018-11-03 10:00:00,1721.86,PGE
2018-11-03 11:00:00,1706.28,PGE
2018-11-03 12:00:00,1715.56,PGE
2018-11-03 13:00:00,1749.37,PGE
2018-11-03 14:00:00,1824.36,PGE
2018-11-03 15:00:00,1919.1,PGE
2018-11-03 16:00:00,2117.63,PGE
2018-11-03 17:00:00,2166.57,PGE
2018-11-03 18:00:00,2229.32,PGE
2018-11-03 19:00:00,2281.97,PGE
2018-11-03 20:00:00,2318.7,PGE
2018-11-03 21:00:00,2344.31,PGE
2018-11-03 22:00:00,2371.66,PGE
2018-11-03 23:00:00,2401.89,PGE
2018-11-04 00:00:00,2400.46,PGE
2018-11-04 01:00:00,2433.63,PGE
2018-11-04 02:00:00,2474.69,PGE
2018-11-04 03:00:00,2477.11,PGE
2018-11-04 04:00:00,2443.88,PGE
2018-11-04 05:00:00,2312.19,PGE
2018-11-04 06:00:00,2186.78,PGE
2018-11-04 07:00:00,2060.68,PGE
2018-11-04 08:00:00,1928.79,PGE
2018-11-04 09:00:00,1812.81,PGE
2018-11-04 10:00:00,1755.34,PGE
2018-11-04 11:00:00,1743.26,PGE
2018-11-04 12:00:00,1723.99,PGE
2018-11-04 13:00:00,1760.81,PGE
2018-11-04 14:00:00,1845.06,PGE
2018-11-04 15:00:00,1922.41,PGE
2018-11-04 16:00:00,2054.59,PGE
2018-11-04 17:00:00,2169.56,PGE
2018-11-04 18:00:00,2259.38,PGE
2018-11-04 19:00:00,2319.47,PGE
2018-11-04 20:00:00,2332.75,PGE
2018-11-04 21:00:00,2334.47,PGE
2018-11-04 22:00:00,2365.94,PGE
2018-11-04 23:00:00,2400.11,PGE
2018-11-05 00:00:00,2403.53,PGE
2018-11-05 01:00:00,2489.95,PGE
2018-11-05 02:00:00,2572.85,PGE
2018-11-05 03:00:00,2647.13,PGE
2018-11-05 04:00:00,2608.28,PGE
2018-11-05 05:00:00,2456.94,PGE
2018-11-05 06:00:00,2282.54,PGE
2018-11-05 07:00:00,2105.15,PGE
2018-11-05 08:00:00,1932.99,PGE
2018-11-05 09:00:00,1814.13,PGE
2018-11-05 10:00:00,1764.93,PGE
2018-11-05 11:00:00,1757.78,PGE
2018-11-05 12:00:00,1854.54,PGE
2018-11-05 13:00:00,2024.76,PGE
2018-11-05 14:00:00,2176.68,PGE
2018-11-05 15:00:00,2336.45,PGE
2018-11-05 16:00:00,2524.03,PGE
2018-11-05 17:00:00,2561.08,PGE
2018-11-05 18:00:00,2557.74,PGE
2018-11-05 19:00:00,2557.26,PGE
2018-11-05 20:00:00,2542.53,PGE
2018-11-05 21:00:00,2534.63,PGE
2018-11-05 22:00:00,2507.18,PGE
2018-11-05 23:00:00,2514.9,PGE
2018-11-06 00:00:00,2425.36,PGE
2018-11-06 01:00:00,2527.5,PGE
2018-11-06 02:00:00,2619.64,PGE
2018-11-06 03:00:00,2684.22,PGE
2018-11-06 04:00:00,2656.25,PGE
2018-11-06 05:00:00,2492.39,PGE
2018-11-06 06:00:00,2306.24,PGE
2018-11-06 07:00:00,2133.62,PGE
2018-11-06 08:00:00,1953.32,PGE
2018-11-06 09:00:00,1837.98,PGE
2018-11-06 10:00:00,1783.79,PGE
2018-11-06 11:00:00,1773.65,PGE
2018-11-06 12:00:00,1862.78,PGE
2018-11-06 13:00:00,2023.88,PGE
2018-11-06 14:00:00,2181.99,PGE
2018-11-06 15:00:00,2342.34,PGE
2018-11-06 16:00:00,2548.63,PGE
2018-11-06 17:00:00,2535.23,PGE
2018-11-06 18:00:00,2507.54,PGE
2018-11-06 19:00:00,2512.31,PGE
2018-11-06 20:00:00,2510.92,PGE
2018-11-06 21:00:00,2514.22,PGE
2018-11-06 22:00:00,2523.49,PGE
2018-11-06 23:00:00,2564.75,PGE
2018-11-07 00:00:00,2413.62,PGE
2018-11-07 01:00:00,2529.02,PGE
2018-11-07 02:00:00,2615.19,PGE
2018-11-07 03:00:00,2680.02,PGE
2018-11-07 04:00:00,2667.95,PGE
2018-11-07 05:00:00,2518.86,PGE
2018-11-07 06:00:00,2340.0,PGE
2018-11-07 07:00:00,2156.05,PGE
2018-11-07 08:00:00,1988.61,PGE
2018-11-07 09:00:00,1865.56,PGE
2018-11-07 10:00:00,1833.16,PGE
2018-11-07 11:00:00,1831.89,PGE
2018-11-07 12:00:00,1943.47,PGE
2018-11-07 13:00:00,2114.51,PGE
2018-11-07 14:00:00,2288.02,PGE
2018-11-07 15:00:00,2463.51,PGE
2018-11-07 16:00:00,2764.58,PGE
2018-11-07 17:00:00,2784.02,PGE
2018-11-07 18:00:00,2756.16,PGE
2018-11-07 19:00:00,2732.76,PGE
2018-11-07 20:00:00,2694.02,PGE
2018-11-07 21:00:00,2652.2,PGE
2018-11-07 22:00:00,2624.36,PGE
2018-11-07 23:00:00,2621.88,PGE
2018-11-08 00:00:00,2462.83,PGE
2018-11-08 01:00:00,2619.94,PGE
2018-11-08 02:00:00,2718.42,PGE
2018-11-08 03:00:00,2808.15,PGE
2018-11-08 04:00:00,2800.75,PGE
2018-11-08 05:00:00,2647.5,PGE
2018-11-08 06:00:00,2485.92,PGE
2018-11-08 07:00:00,2315.9,PGE
2018-11-08 08:00:00,2145.45,PGE
2018-11-08 09:00:00,1992.61,PGE
2018-11-08 10:00:00,1929.41,PGE
2018-11-08 11:00:00,1918.22,PGE
2018-11-08 12:00:00,2022.05,PGE
2018-11-08 13:00:00,2183.17,PGE
2018-11-08 14:00:00,2354.12,PGE
2018-11-08 15:00:00,2533.28,PGE
2018-11-08 16:00:00,2815.71,PGE
2018-11-08 17:00:00,2741.99,PGE
2018-11-08 18:00:00,2693.56,PGE
2018-11-08 19:00:00,2644.1,PGE
2018-11-08 20:00:00,2585.33,PGE
2018-11-08 21:00:00,2531.29,PGE
2018-11-08 22:00:00,2490.09,PGE
2018-11-08 23:00:00,2513.79,PGE
2018-11-09 00:00:00,2375.34,PGE
2018-11-09 01:00:00,2561.56,PGE
2018-11-09 02:00:00,2705.2,PGE
2018-11-09 03:00:00,2808.63,PGE
2018-11-09 04:00:00,2824.16,PGE
2018-11-09 05:00:00,2672.95,PGE
2018-11-09 06:00:00,2514.51,PGE
2018-11-09 07:00:00,2355.55,PGE
2018-11-09 08:00:00,2187.92,PGE
2018-11-09 09:00:00,2033.82,PGE
2018-11-09 10:00:00,1961.6,PGE
2018-11-09 11:00:00,1966.83,PGE
2018-11-09 12:00:00,2073.42,PGE
2018-11-09 13:00:00,2239.31,PGE
2018-11-09 14:00:00,2407.71,PGE
2018-11-09 15:00:00,2574.84,PGE
2018-11-09 16:00:00,2890.83,PGE
2018-11-09 17:00:00,2863.72,PGE
2018-11-09 18:00:00,2784.56,PGE
2018-11-09 19:00:00,2739.22,PGE
2018-11-09 20:00:00,2683.92,PGE
2018-11-09 21:00:00,2633.99,PGE
2018-11-09 22:00:00,2601.14,PGE
2018-11-09 23:00:00,2623.4,PGE
2018-11-10 00:00:00,2548.26,PGE
2018-11-10 01:00:00,2737.19,PGE
2018-11-10 02:00:00,2753.6,PGE
2018-11-10 03:00:00,2675.71,PGE
2018-11-10 04:00:00,2611.09,PGE
2018-11-10 05:00:00,2476.6,PGE
2018-11-10 06:00:00,2327.82,PGE
2018-11-10 07:00:00,2149.68,PGE
2018-11-10 08:00:00,1971.12,PGE
2018-11-10 09:00:00,1843.04,PGE
2018-11-10 10:00:00,1782.92,PGE
2018-11-10 11:00:00,1765.71,PGE
2018-11-10 12:00:00,1795.79,PGE
2018-11-10 13:00:00,1875.19,PGE
2018-11-10 14:00:00,1989.58,PGE
2018-11-10 15:00:00,2107.97,PGE
2018-11-10 16:00:00,2397.87,PGE
2018-11-10 17:00:00,2473.51,PGE
2018-11-10 18:00:00,2532.82,PGE
2018-11-10 19:00:00,2522.31,PGE
2018-11-10 20:00:00,2488.26,PGE
2018-11-10 21:00:00,2446.13,PGE
2018-11-10 22:00:00,2409.92,PGE
2018-11-10 23:00:00,2392.71,PGE
2018-11-11 00:00:00,2365.91,PGE
2018-11-11 01:00:00,2474.3,PGE
2018-11-11 02:00:00,2526.64,PGE
2018-11-11 03:00:00,2528.08,PGE
2018-11-11 04:00:00,2444.17,PGE
2018-11-11 05:00:00,2362.49,PGE
2018-11-11 06:00:00,2253.39,PGE
2018-11-11 07:00:00,2132.47,PGE
2018-11-11 08:00:00,2035.22,PGE
2018-11-11 09:00:00,1967.18,PGE
2018-11-11 10:00:00,1915.06,PGE
2018-11-11 11:00:00,1905.48,PGE
2018-11-11 12:00:00,1919.25,PGE
2018-11-11 13:00:00,1955.71,PGE
2018-11-11 14:00:00,2022.52,PGE
2018-11-11 15:00:00,2108.47,PGE
2018-11-11 16:00:00,2369.92,PGE
2018-11-11 17:00:00,2451.98,PGE
2018-11-11 18:00:00,2462.13,PGE
2018-11-11 19:00:00,2443.98,PGE
2018-11-11 20:00:00,2418.68,PGE
2018-11-11 21:00:00,2400.97,PGE
2018-11-11 22:00:00,2400.18,PGE
2018-11-11 23:00:00,2409.04,PGE
2018-11-12 00:00:00,2402.23,PGE
2018-11-12 01:00:00,2517.7,PGE
2018-11-12 02:00:00,2562.31,PGE
2018-11-12 03:00:00,2618.51,PGE
2018-11-12 04:00:00,2563.79,PGE
2018-11-12 05:00:00,2483.04,PGE
2018-11-12 06:00:00,2365.56,PGE
2018-11-12 07:00:00,2233.07,PGE
2018-11-12 08:00:00,2095.49,PGE
2018-11-12 09:00:00,1961.64,PGE
2018-11-12 10:00:00,1878.95,PGE
2018-11-12 11:00:00,1873.34,PGE
2018-11-12 12:00:00,1931.23,PGE
2018-11-12 13:00:00,2029.21,PGE
2018-11-12 14:00:00,2155.08,PGE
2018-11-12 15:00:00,2283.66,PGE
2018-11-12 16:00:00,2569.83,PGE
2018-11-12 17:00:00,2722.68,PGE
2018-11-12 18:00:00,2706.03,PGE
2018-11-12 19:00:00,2683.54,PGE
2018-11-12 20:00:00,2654.33,PGE
2018-11-12 21:00:00,2623.21,PGE
2018-11-12 22:00:00,2607.91,PGE
2018-11-12 23:00:00,2617.0,PGE
2018-11-13 00:00:00,2554.25,PGE
2018-11-13 01:00:00,2715.08,PGE
2018-11-13 02:00:00,2835.39,PGE
2018-11-13 03:00:00,2893.75,PGE
2018-11-13 04:00:00,2875.42,PGE
2018-11-13 05:00:00,2704.51,PGE
2018-11-13 06:00:00,2534.17,PGE
2018-11-13 07:00:00,2364.35,PGE
2018-11-13 08:00:00,2194.25,PGE
2018-11-13 09:00:00,2038.4,PGE
2018-11-13 10:00:00,1941.61,PGE
2018-11-13 11:00:00,1956.17,PGE
2018-11-13 12:00:00,2063.36,PGE
2018-11-13 13:00:00,2236.06,PGE
2018-11-13 14:00:00,2396.37,PGE
2018-11-13 15:00:00,2550.71,PGE
2018-11-13 16:00:00,2842.14,PGE
2018-11-13 17:00:00,2815.91,PGE
2018-11-13 18:00:00,2734.81,PGE
2018-11-13 19:00:00,2669.71,PGE
2018-11-13 20:00:00,2603.22,PGE
2018-11-13 21:00:00,2547.86,PGE
2018-11-13 22:00:00,2517.51,PGE
2018-11-13 23:00:00,2537.22,PGE
2018-11-14 00:00:00,2406.38,PGE
2018-11-14 01:00:00,2574.56,PGE
2018-11-14 02:00:00,2692.41,PGE
2018-11-14 03:00:00,2779.23,PGE
2018-11-14 04:00:00,2781.02,PGE
2018-11-14 05:00:00,2625.48,PGE
2018-11-14 06:00:00,2474.75,PGE
2018-11-14 07:00:00,2311.76,PGE
2018-11-14 08:00:00,2139.39,PGE
2018-11-14 09:00:00,1983.89,PGE
2018-11-14 10:00:00,1912.08,PGE
2018-11-14 11:00:00,1922.54,PGE
2018-11-14 12:00:00,2031.44,PGE
2018-11-14 13:00:00,2198.52,PGE
2018-11-14 14:00:00,2403.1,PGE
2018-11-14 15:00:00,2556.16,PGE
2018-11-14 16:00:00,2734.95,PGE
2018-11-14 17:00:00,2834.32,PGE
2018-11-14 18:00:00,2815.3,PGE
2018-11-14 19:00:00,2795.91,PGE
2018-11-14 20:00:00,2789.44,PGE
2018-11-14 21:00:00,2728.17,PGE
2018-11-14 22:00:00,2683.75,PGE
2018-11-14 23:00:00,2659.11,PGE
2018-11-15 00:00:00,2587.39,PGE
2018-11-15 01:00:00,2694.13,PGE
2018-11-15 02:00:00,2782.76,PGE
2018-11-15 03:00:00,2787.4,PGE
2018-11-15 04:00:00,2712.78,PGE
2018-11-15 05:00:00,2524.88,PGE
2018-11-15 06:00:00,2307.57,PGE
2018-11-15 07:00:00,2101.49,PGE
2018-11-15 08:00:00,1938.45,PGE
2018-11-15 09:00:00,1806.59,PGE
2018-11-15 10:00:00,1751.58,PGE
2018-11-15 11:00:00,1743.13,PGE
2018-11-15 12:00:00,1830.25,PGE
2018-11-15 13:00:00,1997.27,PGE
2018-11-15 14:00:00,2163.22,PGE
2018-11-15 15:00:00,2332.66,PGE
2018-11-15 16:00:00,2545.71,PGE
2018-11-15 17:00:00,2551.81,PGE
2018-11-15 18:00:00,2542.13,PGE
2018-11-15 19:00:00,2491.39,PGE
2018-11-15 20:00:00,2471.32,PGE
2018-11-15 21:00:00,2457.74,PGE
2018-11-15 22:00:00,2471.69,PGE
2018-11-15 23:00:00,2494.58,PGE
2018-11-16 00:00:00,2354.46,PGE
2018-11-16 01:00:00,2486.54,PGE
2018-11-16 02:00:00,2570.73,PGE
2018-11-16 03:00:00,2645.89,PGE
2018-11-16 04:00:00,2626.79,PGE
2018-11-16 05:00:00,2460.28,PGE
2018-11-16 06:00:00,2286.48,PGE
2018-11-16 07:00:00,2106.16,PGE
2018-11-16 08:00:00,1929.38,PGE
2018-11-16 09:00:00,1800.08,PGE
2018-11-16 10:00:00,1758.79,PGE
2018-11-16 11:00:00,1752.57,PGE
2018-11-16 12:00:00,1844.85,PGE
2018-11-16 13:00:00,2006.36,PGE
2018-11-16 14:00:00,2162.24,PGE
2018-11-16 15:00:00,2322.43,PGE
2018-11-16 16:00:00,2527.14,PGE
2018-11-16 17:00:00,2568.39,PGE
2018-11-16 18:00:00,2581.2,PGE
2018-11-16 19:00:00,2577.98,PGE
2018-11-16 20:00:00,2579.17,PGE
2018-11-16 21:00:00,2591.66,PGE
2018-11-16 22:00:00,2606.88,PGE
2018-11-16 23:00:00,2631.05,PGE
2018-11-17 00:00:00,2474.11,PGE
2018-11-17 01:00:00,2541.44,PGE
2018-11-17 02:00:00,2570.15,PGE
2018-11-17 03:00:00,2534.63,PGE
2018-11-17 04:00:00,2486.75,PGE
2018-11-17 05:00:00,2346.06,PGE
2018-11-17 06:00:00,2214.71,PGE
2018-11-17 07:00:00,2077.03,PGE
2018-11-17 08:00:00,1957.19,PGE
2018-11-17 09:00:00,1877.63,PGE
2018-11-17 10:00:00,1836.11,PGE
2018-11-17 11:00:00,1825.2,PGE
2018-11-17 12:00:00,1842.58,PGE
2018-11-17 13:00:00,1898.17,PGE
2018-11-17 14:00:00,2015.92,PGE
2018-11-17 15:00:00,2134.18,PGE
2018-11-17 16:00:00,2365.91,PGE
2018-11-17 17:00:00,2445.17,PGE
2018-11-17 18:00:00,2463.25,PGE
2018-11-17 19:00:00,2471.58,PGE
2018-11-17 20:00:00,2448.31,PGE
2018-11-17 21:00:00,2402.7,PGE
2018-11-17 22:00:00,2374.51,PGE
2018-11-17 23:00:00,2359.56,PGE
2018-11-18 00:00:00,2459.53,PGE
2018-11-18 01:00:00,2596.39,PGE
2018-11-18 02:00:00,2669.45,PGE
2018-11-18 03:00:00,2705.32,PGE
2018-11-18 04:00:00,2715.39,PGE
2018-11-18 05:00:00,2596.59,PGE
2018-11-18 06:00:00,2462.11,PGE
2018-11-18 07:00:00,2304.72,PGE
2018-11-18 08:00:00,2151.86,PGE
2018-11-18 09:00:00,2034.36,PGE
2018-11-18 10:00:00,1980.37,PGE
2018-11-18 11:00:00,1964.54,PGE
2018-11-18 12:00:00,1978.45,PGE
2018-11-18 13:00:00,2037.55,PGE
2018-11-18 14:00:00,2134.59,PGE
2018-11-18 15:00:00,2235.04,PGE
2018-11-18 16:00:00,2490.0,PGE
2018-11-18 17:00:00,2536.59,PGE
2018-11-18 18:00:00,2539.51,PGE
2018-11-18 19:00:00,2509.35,PGE
2018-11-18 20:00:00,2463.32,PGE
2018-11-18 21:00:00,2416.63,PGE
2018-11-18 22:00:00,2379.86,PGE
2018-11-18 23:00:00,2382.26,PGE
2018-11-19 00:00:00,2507.61,PGE
2018-11-19 01:00:00,2681.49,PGE
2018-11-19 02:00:00,2805.56,PGE
2018-11-19 03:00:00,2878.35,PGE
2018-11-19 04:00:00,2858.72,PGE
2018-11-19 05:00:00,2691.85,PGE
2018-11-19 06:00:00,2524.38,PGE
2018-11-19 07:00:00,2350.66,PGE
2018-11-19 08:00:00,2175.27,PGE
2018-11-19 09:00:00,2015.91,PGE
2018-11-19 10:00:00,1934.38,PGE
2018-11-19 11:00:00,1946.24,PGE
2018-11-19 12:00:00,2055.69,PGE
2018-11-19 13:00:00,2211.97,PGE
2018-11-19 14:00:00,2373.69,PGE
2018-11-19 15:00:00,2547.84,PGE
2018-11-19 16:00:00,2826.7,PGE
2018-11-19 17:00:00,2783.09,PGE
2018-11-19 18:00:00,2725.93,PGE
2018-11-19 19:00:00,2668.16,PGE
2018-11-19 20:00:00,2608.74,PGE
2018-11-19 21:00:00,2561.6,PGE
2018-11-19 22:00:00,2539.77,PGE
2018-11-19 23:00:00,2558.62,PGE
2018-11-20 00:00:00,2508.36,PGE
2018-11-20 01:00:00,2682.95,PGE
2018-11-20 02:00:00,2806.4,PGE
2018-11-20 03:00:00,2872.94,PGE
2018-11-20 04:00:00,2857.56,PGE
2018-11-20 05:00:00,2687.36,PGE
2018-11-20 06:00:00,2515.23,PGE
2018-11-20 07:00:00,2344.91,PGE
2018-11-20 08:00:00,2169.8,PGE
2018-11-20 09:00:00,2007.03,PGE
2018-11-20 10:00:00,1928.3,PGE
2018-11-20 11:00:00,1940.29,PGE
2018-11-20 12:00:00,2049.7,PGE
2018-11-20 13:00:00,2213.03,PGE
2018-11-20 14:00:00,2380.25,PGE
2018-11-20 15:00:00,2555.22,PGE
2018-11-20 16:00:00,2832.29,PGE
2018-11-20 17:00:00,2809.38,PGE
2018-11-20 18:00:00,2742.38,PGE
2018-11-20 19:00:00,2686.92,PGE
2018-11-20 20:00:00,2624.68,PGE
2018-11-20 21:00:00,2580.77,PGE
2018-11-20 22:00:00,2573.77,PGE
2018-11-20 23:00:00,2604.72,PGE
2018-11-21 00:00:00,2567.13,PGE
2018-11-21 01:00:00,2739.94,PGE
2018-11-21 02:00:00,2872.89,PGE
2018-11-21 03:00:00,2929.42,PGE
2018-11-21 04:00:00,2865.84,PGE
2018-11-21 05:00:00,2694.39,PGE
2018-11-21 06:00:00,2528.61,PGE
2018-11-21 07:00:00,2359.88,PGE
2018-11-21 08:00:00,2201.27,PGE
2018-11-21 09:00:00,2080.21,PGE
2018-11-21 10:00:00,2009.56,PGE
2018-11-21 11:00:00,2002.09,PGE
2018-11-21 12:00:00,2083.02,PGE
2018-11-21 13:00:00,2223.96,PGE
2018-11-21 14:00:00,2365.76,PGE
2018-11-21 15:00:00,2504.75,PGE
2018-11-21 16:00:00,2704.09,PGE
2018-11-21 17:00:00,2796.83,PGE
2018-11-21 18:00:00,2762.91,PGE
2018-11-21 19:00:00,2749.9,PGE
2018-11-21 20:00:00,2742.14,PGE
2018-11-21 21:00:00,2728.93,PGE
2018-11-21 22:00:00,2737.6,PGE
2018-11-21 23:00:00,2743.99,PGE
2018-11-22 00:00:00,2615.45,PGE
2018-11-22 01:00:00,2721.65,PGE
2018-11-22 02:00:00,2770.42,PGE
2018-11-22 03:00:00,2790.51,PGE
2018-11-22 04:00:00,2670.12,PGE
2018-11-22 05:00:00,2502.69,PGE
2018-11-22 06:00:00,2376.32,PGE
2018-11-22 07:00:00,2227.6,PGE
2018-11-22 08:00:00,2066.41,PGE
2018-11-22 09:00:00,1947.33,PGE
2018-11-22 10:00:00,1844.36,PGE
2018-11-22 11:00:00,1805.92,PGE
2018-11-22 12:00:00,1809.74,PGE
2018-11-22 13:00:00,1890.81,PGE
2018-11-22 14:00:00,2068.53,PGE
2018-11-22 15:00:00,2250.84,PGE
2018-11-22 16:00:00,2381.99,PGE
2018-11-22 17:00:00,2479.72,PGE
2018-11-22 18:00:00,2572.62,PGE
2018-11-22 19:00:00,2619.16,PGE
2018-11-22 20:00:00,2678.38,PGE
2018-11-22 21:00:00,2726.21,PGE
2018-11-22 22:00:00,2731.3,PGE
2018-11-22 23:00:00,2712.5,PGE
2018-11-23 00:00:00,2540.91,PGE
2018-11-23 01:00:00,2681.37,PGE
2018-11-23 02:00:00,2738.47,PGE
2018-11-23 03:00:00,2777.15,PGE
2018-11-23 04:00:00,2696.57,PGE
2018-11-23 05:00:00,2549.38,PGE
2018-11-23 06:00:00,2363.8,PGE
2018-11-23 07:00:00,2180.89,PGE
2018-11-23 08:00:00,2007.28,PGE
2018-11-23 09:00:00,1859.21,PGE
2018-11-23 10:00:00,1794.69,PGE
2018-11-23 11:00:00,1791.21,PGE
2018-11-23 12:00:00,1878.96,PGE
2018-11-23 13:00:00,2036.62,PGE
2018-11-23 14:00:00,2199.43,PGE
2018-11-23 15:00:00,2371.24,PGE
2018-11-23 16:00:00,2544.69,PGE
2018-11-23 17:00:00,2602.24,PGE
2018-11-23 18:00:00,2623.02,PGE
2018-11-23 19:00:00,2633.92,PGE
2018-11-23 20:00:00,2641.78,PGE
2018-11-23 21:00:00,2658.41,PGE
2018-11-23 22:00:00,2644.1,PGE
2018-11-23 23:00:00,2643.74,PGE
2018-11-24 00:00:00,2513.55,PGE
2018-11-24 01:00:00,2590.73,PGE
2018-11-24 02:00:00,2666.04,PGE
2018-11-24 03:00:00,2656.02,PGE
2018-11-24 04:00:00,2622.08,PGE
2018-11-24 05:00:00,2475.75,PGE
2018-11-24 06:00:00,2333.91,PGE
2018-11-24 07:00:00,2180.85,PGE
2018-11-24 08:00:00,2037.54,PGE
2018-11-24 09:00:00,1934.57,PGE
2018-11-24 10:00:00,1873.38,PGE
2018-11-24 11:00:00,1851.54,PGE
2018-11-24 12:00:00,1875.15,PGE
2018-11-24 13:00:00,1930.9,PGE
2018-11-24 14:00:00,2022.94,PGE
2018-11-24 15:00:00,2136.25,PGE
2018-11-24 16:00:00,2333.18,PGE
2018-11-24 17:00:00,2470.7,PGE
2018-11-24 18:00:00,2524.05,PGE
2018-11-24 19:00:00,2522.5,PGE
2018-11-24 20:00:00,2505.48,PGE
2018-11-24 21:00:00,2490.83,PGE
2018-11-24 22:00:00,2472.42,PGE
2018-11-24 23:00:00,2474.83,PGE
2018-11-25 00:00:00,2515.47,PGE
2018-11-25 01:00:00,2631.9,PGE
2018-11-25 02:00:00,2701.76,PGE
2018-11-25 03:00:00,2719.84,PGE
2018-11-25 04:00:00,2680.89,PGE
2018-11-25 05:00:00,2567.0,PGE
2018-11-25 06:00:00,2442.56,PGE
2018-11-25 07:00:00,2291.85,PGE
2018-11-25 08:00:00,2140.93,PGE
2018-11-25 09:00:00,2039.67,PGE
2018-11-25 10:00:00,1993.31,PGE
2018-11-25 11:00:00,1975.7,PGE
2018-11-25 12:00:00,1991.4,PGE
2018-11-25 13:00:00,2047.91,PGE
2018-11-25 14:00:00,2145.92,PGE
2018-11-25 15:00:00,2248.92,PGE
2018-11-25 16:00:00,2434.81,PGE
2018-11-25 17:00:00,2619.59,PGE
2018-11-25 18:00:00,2601.82,PGE
2018-11-25 19:00:00,2552.69,PGE
2018-11-25 20:00:00,2503.47,PGE
2018-11-25 21:00:00,2463.16,PGE
2018-11-25 22:00:00,2449.64,PGE
2018-11-25 23:00:00,2478.46,PGE
2018-11-26 00:00:00,2646.45,PGE
2018-11-26 01:00:00,2758.51,PGE
2018-11-26 02:00:00,2862.91,PGE
2018-11-26 03:00:00,2899.9,PGE
2018-11-26 04:00:00,2844.41,PGE
2018-11-26 05:00:00,2681.96,PGE
2018-11-26 06:00:00,2501.11,PGE
2018-11-26 07:00:00,2322.84,PGE
2018-11-26 08:00:00,2149.53,PGE
2018-11-26 09:00:00,1993.89,PGE
2018-11-26 10:00:00,1916.46,PGE
2018-11-26 11:00:00,1917.93,PGE
2018-11-26 12:00:00,2017.81,PGE
2018-11-26 13:00:00,2165.43,PGE
2018-11-26 14:00:00,2307.89,PGE
2018-11-26 15:00:00,2446.89,PGE
2018-11-26 16:00:00,2632.41,PGE
2018-11-26 17:00:00,2690.79,PGE
2018-11-26 18:00:00,2678.2,PGE
2018-11-26 19:00:00,2674.02,PGE
2018-11-26 20:00:00,2645.88,PGE
2018-11-26 21:00:00,2590.24,PGE
2018-11-26 22:00:00,2593.37,PGE
2018-11-26 23:00:00,2602.32,PGE
2018-11-27 00:00:00,2543.32,PGE
2018-11-27 01:00:00,2624.98,PGE
2018-11-27 02:00:00,2673.55,PGE
2018-11-27 03:00:00,2684.45,PGE
2018-11-27 04:00:00,2601.29,PGE
2018-11-27 05:00:00,2444.12,PGE
2018-11-27 06:00:00,2262.22,PGE
2018-11-27 07:00:00,2112.3,PGE
2018-11-27 08:00:00,1937.67,PGE
2018-11-27 09:00:00,1799.24,PGE
2018-11-27 10:00:00,1734.3,PGE
2018-11-27 11:00:00,1734.64,PGE
2018-11-27 12:00:00,1797.64,PGE
2018-11-27 13:00:00,1960.28,PGE
2018-11-27 14:00:00,2132.48,PGE
2018-11-27 15:00:00,2298.96,PGE
2018-11-27 16:00:00,2463.35,PGE
2018-11-27 17:00:00,2530.44,PGE
2018-11-27 18:00:00,2508.71,PGE
2018-11-27 19:00:00,2495.53,PGE
2018-11-27 20:00:00,2508.52,PGE
2018-11-27 21:00:00,2544.84,PGE
2018-11-27 22:00:00,2562.29,PGE
2018-11-27 23:00:00,2603.07,PGE
2018-11-28 00:00:00,2477.68,PGE
2018-11-28 01:00:00,2581.96,PGE
2018-11-28 02:00:00,2661.02,PGE
2018-11-28 03:00:00,2657.45,PGE
2018-11-28 04:00:00,2586.98,PGE
2018-11-28 05:00:00,2427.52,PGE
2018-11-28 06:00:00,2252.54,PGE
2018-11-28 07:00:00,2075.46,PGE
2018-11-28 08:00:00,1903.34,PGE
2018-11-28 09:00:00,1798.82,PGE
2018-11-28 10:00:00,1742.16,PGE
2018-11-28 11:00:00,1737.37,PGE
2018-11-28 12:00:00,1809.03,PGE
2018-11-28 13:00:00,1976.03,PGE
2018-11-28 14:00:00,2144.87,PGE
2018-11-28 15:00:00,2317.89,PGE
2018-11-28 16:00:00,2505.87,PGE
2018-11-28 17:00:00,2595.43,PGE
2018-11-28 18:00:00,2620.9,PGE
2018-11-28 19:00:00,2634.73,PGE
2018-11-28 20:00:00,2642.79,PGE
2018-11-28 21:00:00,2649.99,PGE
2018-11-28 22:00:00,2652.49,PGE
2018-11-28 23:00:00,2641.42,PGE
2018-11-29 00:00:00,2550.71,PGE
2018-11-29 01:00:00,2628.72,PGE
2018-11-29 02:00:00,2682.63,PGE
2018-11-29 03:00:00,2724.74,PGE
2018-11-29 04:00:00,2672.0,PGE
2018-11-29 05:00:00,2528.79,PGE
2018-11-29 06:00:00,2365.88,PGE
2018-11-29 07:00:00,2160.42,PGE
2018-11-29 08:00:00,1981.06,PGE
2018-11-29 09:00:00,1849.53,PGE
2018-11-29 10:00:00,1804.71,PGE
2018-11-29 11:00:00,1790.45,PGE
2018-11-29 12:00:00,1889.77,PGE
2018-11-29 13:00:00,2065.8,PGE
2018-11-29 14:00:00,2225.98,PGE
2018-11-29 15:00:00,2395.17,PGE
2018-11-29 16:00:00,2611.08,PGE
2018-11-29 17:00:00,2653.96,PGE
2018-11-29 18:00:00,2635.55,PGE
2018-11-29 19:00:00,2616.05,PGE
2018-11-29 20:00:00,2582.18,PGE
2018-11-29 21:00:00,2554.8,PGE
2018-11-29 22:00:00,2551.55,PGE
2018-11-29 23:00:00,2577.59,PGE
2018-11-30 00:00:00,2507.43,PGE
2018-11-30 01:00:00,2648.72,PGE
2018-11-30 02:00:00,2790.14,PGE
2018-11-30 03:00:00,2815.34,PGE
2018-11-30 04:00:00,2755.95,PGE
2018-11-30 05:00:00,2579.7,PGE
2018-11-30 06:00:00,2382.89,PGE
2018-11-30 07:00:00,2204.91,PGE
2018-11-30 08:00:00,2045.24,PGE
2018-11-30 09:00:00,1920.67,PGE
2018-11-30 10:00:00,1846.48,PGE
2018-11-30 11:00:00,1835.06,PGE
2018-11-30 12:00:00,1968.59,PGE
2018-11-30 13:00:00,2112.08,PGE
2018-11-30 14:00:00,2250.94,PGE
2018-11-30 15:00:00,2404.88,PGE
2018-11-30 16:00:00,2618.54,PGE
2018-11-30 17:00:00,2663.75,PGE
2018-11-30 18:00:00,2643.13,PGE
2018-11-30 19:00:00,2632.75,PGE
2018-11-30 20:00:00,2634.65,PGE
2018-11-30 21:00:00,2646.34,PGE
2018-11-30 22:00:00,2658.59,PGE
2018-11-30 23:00:00,2721.34,PGE
2018-12-01 00:00:00,2793.63,PGE
2018-12-01 01:00:00,2876.6,PGE
2018-12-01 02:00:00,2868.22,PGE
2018-12-01 03:00:00,2827.94,PGE
2018-12-01 04:00:00,2801.77,PGE
2018-12-01 05:00:00,2671.16,PGE
2018-12-01 06:00:00,2529.55,PGE
2018-12-01 07:00:00,2353.87,PGE
2018-12-01 08:00:00,2174.79,PGE
2018-12-01 09:00:00,2049.14,PGE
2018-12-01 10:00:00,1986.72,PGE
2018-12-01 11:00:00,1966.7,PGE
2018-12-01 12:00:00,1975.36,PGE
2018-12-01 13:00:00,2034.59,PGE
2018-12-01 14:00:00,2114.01,PGE
2018-12-01 15:00:00,2198.6,PGE
2018-12-01 16:00:00,2309.84,PGE
2018-12-01 17:00:00,2479.21,PGE
2018-12-01 18:00:00,2565.12,PGE
2018-12-01 19:00:00,2612.07,PGE
2018-12-01 20:00:00,2643.01,PGE
2018-12-01 21:00:00,2658.17,PGE
2018-12-01 22:00:00,2664.02,PGE
2018-12-01 23:00:00,2646.59,PGE
2018-12-02 00:00:00,2704.19,PGE
2018-12-02 01:00:00,2765.74,PGE
2018-12-02 02:00:00,2854.63,PGE
2018-12-02 03:00:00,2890.93,PGE
2018-12-02 04:00:00,2834.53,PGE
2018-12-02 05:00:00,2716.97,PGE
2018-12-02 06:00:00,2572.12,PGE
2018-12-02 07:00:00,2402.92,PGE
2018-12-02 08:00:00,2245.86,PGE
2018-12-02 09:00:00,2111.68,PGE
2018-12-02 10:00:00,2032.59,PGE
2018-12-02 11:00:00,1999.44,PGE
2018-12-02 12:00:00,2007.46,PGE
2018-12-02 13:00:00,2077.65,PGE
2018-12-02 14:00:00,2175.61,PGE
2018-12-02 15:00:00,2276.59,PGE
2018-12-02 16:00:00,2442.14,PGE
2018-12-02 17:00:00,2608.28,PGE
2018-12-02 18:00:00,2679.96,PGE
2018-12-02 19:00:00,2712.97,PGE
2018-12-02 20:00:00,2725.63,PGE
2018-12-02 21:00:00,2722.66,PGE
2018-12-02 22:00:00,2690.24,PGE
2018-12-02 23:00:00,2658.15,PGE
2018-12-03 00:00:00,2690.09,PGE
2018-12-03 01:00:00,2820.83,PGE
2018-12-03 02:00:00,2947.15,PGE
2018-12-03 03:00:00,3030.79,PGE
2018-12-03 04:00:00,2995.04,PGE
2018-12-03 05:00:00,2838.16,PGE
2018-12-03 06:00:00,2671.6,PGE
2018-12-03 07:00:00,2499.33,PGE
2018-12-03 08:00:00,2328.27,PGE
2018-12-03 09:00:00,2197.54,PGE
2018-12-03 10:00:00,2103.07,PGE
2018-12-03 11:00:00,2077.66,PGE
2018-12-03 12:00:00,2204.52,PGE
2018-12-03 13:00:00,2375.77,PGE
2018-12-03 14:00:00,2551.64,PGE
2018-12-03 15:00:00,2726.23,PGE
2018-12-03 16:00:00,2959.49,PGE
2018-12-03 17:00:00,3044.07,PGE
2018-12-03 18:00:00,2964.21,PGE
2018-12-03 19:00:00,2904.45,PGE
2018-12-03 20:00:00,2844.86,PGE
2018-12-03 21:00:00,2798.08,PGE
2018-12-03 22:00:00,2776.72,PGE
2018-12-03 23:00:00,2782.84,PGE
2018-12-04 00:00:00,2756.91,PGE
2018-12-04 01:00:00,2922.75,PGE
2018-12-04 02:00:00,3047.37,PGE
2018-12-04 03:00:00,3119.17,PGE
2018-12-04 04:00:00,3102.22,PGE
2018-12-04 05:00:00,2943.93,PGE
2018-12-04 06:00:00,2770.27,PGE
2018-12-04 07:00:00,2597.13,PGE
2018-12-04 08:00:00,2424.53,PGE
2018-12-04 09:00:00,2253.9,PGE
2018-12-04 10:00:00,2166.11,PGE
2018-12-04 11:00:00,2151.54,PGE
2018-12-04 12:00:00,2263.37,PGE
2018-12-04 13:00:00,2422.2,PGE
2018-12-04 14:00:00,2586.16,PGE
2018-12-04 15:00:00,2748.03,PGE
2018-12-04 16:00:00,2935.73,PGE
2018-12-04 17:00:00,2993.52,PGE
2018-12-04 18:00:00,2975.12,PGE
2018-12-04 19:00:00,2956.65,PGE
2018-12-04 20:00:00,2931.24,PGE
2018-12-04 21:00:00,2885.55,PGE
2018-12-04 22:00:00,2854.57,PGE
2018-12-04 23:00:00,2853.6,PGE
2018-12-05 00:00:00,2893.79,PGE
2018-12-05 01:00:00,3039.53,PGE
2018-12-05 02:00:00,3158.63,PGE
2018-12-05 03:00:00,3228.42,PGE
2018-12-05 04:00:00,3212.21,PGE
2018-12-05 05:00:00,3053.93,PGE
2018-12-05 06:00:00,2869.61,PGE
2018-12-05 07:00:00,2687.41,PGE
2018-12-05 08:00:00,2508.46,PGE
2018-12-05 09:00:00,2330.49,PGE
2018-12-05 10:00:00,2241.19,PGE
2018-12-05 11:00:00,2211.5,PGE
2018-12-05 12:00:00,2333.82,PGE
2018-12-05 13:00:00,2490.02,PGE
2018-12-05 14:00:00,2655.39,PGE
2018-12-05 15:00:00,2818.07,PGE
2018-12-05 16:00:00,3083.54,PGE
2018-12-05 17:00:00,3133.0,PGE
2018-12-05 18:00:00,3089.04,PGE
2018-12-05 19:00:00,3050.55,PGE
2018-12-05 20:00:00,3008.69,PGE
2018-12-05 21:00:00,2966.84,PGE
2018-12-05 22:00:00,2934.55,PGE
2018-12-05 23:00:00,2948.52,PGE
2018-12-06 00:00:00,3001.85,PGE
2018-12-06 01:00:00,3160.94,PGE
2018-12-06 02:00:00,3277.4,PGE
2018-12-06 03:00:00,3339.8,PGE
2018-12-06 04:00:00,3295.79,PGE
2018-12-06 05:00:00,3132.03,PGE
2018-12-06 06:00:00,2962.19,PGE
2018-12-06 07:00:00,2793.0,PGE
2018-12-06 08:00:00,2611.37,PGE
2018-12-06 09:00:00,2417.04,PGE
2018-12-06 10:00:00,2300.13,PGE
2018-12-06 11:00:00,2261.41,PGE
2018-12-06 12:00:00,2383.83,PGE
2018-12-06 13:00:00,2539.25,PGE
2018-12-06 14:00:00,2694.67,PGE
2018-12-06 15:00:00,2852.46,PGE
2018-12-06 16:00:00,3082.79,PGE
2018-12-06 17:00:00,3148.31,PGE
2018-12-06 18:00:00,3097.41,PGE
2018-12-06 19:00:00,3054.48,PGE
2018-12-06 20:00:00,3007.98,PGE
2018-12-06 21:00:00,2958.45,PGE
2018-12-06 22:00:00,2926.47,PGE
2018-12-06 23:00:00,2936.24,PGE
2018-12-07 00:00:00,2988.86,PGE
2018-12-07 01:00:00,3152.63,PGE
2018-12-07 02:00:00,3273.14,PGE
2018-12-07 03:00:00,3335.91,PGE
2018-12-07 04:00:00,3296.71,PGE
2018-12-07 05:00:00,3125.55,PGE
2018-12-07 06:00:00,2928.19,PGE
2018-12-07 07:00:00,2741.12,PGE
2018-12-07 08:00:00,2560.8,PGE
2018-12-07 09:00:00,2385.18,PGE
2018-12-07 10:00:00,2291.82,PGE
2018-12-07 11:00:00,2261.74,PGE
2018-12-07 12:00:00,2384.98,PGE
2018-12-07 13:00:00,2546.0,PGE
2018-12-07 14:00:00,2708.25,PGE
2018-12-07 15:00:00,2867.99,PGE
2018-12-07 16:00:00,3142.84,PGE
2018-12-07 17:00:00,3234.66,PGE
2018-12-07 18:00:00,3193.57,PGE
2018-12-07 19:00:00,3153.48,PGE
2018-12-07 20:00:00,3101.38,PGE
2018-12-07 21:00:00,3051.12,PGE
2018-12-07 22:00:00,3033.53,PGE
2018-12-07 23:00:00,3057.04,PGE
2018-12-08 00:00:00,3039.85,PGE
2018-12-08 01:00:00,3143.45,PGE
2018-12-08 02:00:00,3221.29,PGE
2018-12-08 03:00:00,3229.85,PGE
2018-12-08 04:00:00,3129.84,PGE
2018-12-08 05:00:00,2992.32,PGE
2018-12-08 06:00:00,2850.34,PGE
2018-12-08 07:00:00,2684.42,PGE
2018-12-08 08:00:00,2535.68,PGE
2018-12-08 09:00:00,2358.35,PGE
2018-12-08 10:00:00,2230.67,PGE
2018-12-08 11:00:00,2178.19,PGE
2018-12-08 12:00:00,2185.72,PGE
2018-12-08 13:00:00,2268.65,PGE
2018-12-08 14:00:00,2367.16,PGE
2018-12-08 15:00:00,2450.04,PGE
2018-12-08 16:00:00,2537.42,PGE
2018-12-08 17:00:00,2721.93,PGE
2018-12-08 18:00:00,2837.89,PGE
2018-12-08 19:00:00,2842.84,PGE
2018-12-08 20:00:00,2841.49,PGE
2018-12-08 21:00:00,2806.44,PGE
2018-12-08 22:00:00,2784.82,PGE
2018-12-08 23:00:00,2791.13,PGE
2018-12-09 00:00:00,2909.29,PGE
2018-12-09 01:00:00,2972.86,PGE
2018-12-09 02:00:00,3041.34,PGE
2018-12-09 03:00:00,3083.71,PGE
2018-12-09 04:00:00,3021.0,PGE
2018-12-09 05:00:00,2872.25,PGE
2018-12-09 06:00:00,2711.32,PGE
2018-12-09 07:00:00,2535.49,PGE
2018-12-09 08:00:00,2354.2,PGE
2018-12-09 09:00:00,2205.95,PGE
2018-12-09 10:00:00,2134.56,PGE
2018-12-09 11:00:00,2106.67,PGE
2018-12-09 12:00:00,2121.1,PGE
2018-12-09 13:00:00,2209.11,PGE
2018-12-09 14:00:00,2301.57,PGE
2018-12-09 15:00:00,2400.67,PGE
2018-12-09 16:00:00,2536.91,PGE
2018-12-09 17:00:00,2699.59,PGE
2018-12-09 18:00:00,2780.41,PGE
2018-12-09 19:00:00,2807.48,PGE
2018-12-09 20:00:00,2783.17,PGE
2018-12-09 21:00:00,2764.43,PGE
2018-12-09 22:00:00,2765.0,PGE
2018-12-09 23:00:00,2768.09,PGE
2018-12-10 00:00:00,3020.15,PGE
2018-12-10 01:00:00,3091.75,PGE
2018-12-10 02:00:00,3138.86,PGE
2018-12-10 03:00:00,3098.77,PGE
2018-12-10 04:00:00,3015.01,PGE
2018-12-10 05:00:00,2830.33,PGE
2018-12-10 06:00:00,2635.66,PGE
2018-12-10 07:00:00,2428.99,PGE
2018-12-10 08:00:00,2230.14,PGE
2018-12-10 09:00:00,2094.64,PGE
2018-12-10 10:00:00,1986.55,PGE
2018-12-10 11:00:00,1939.42,PGE
2018-12-10 12:00:00,2044.03,PGE
2018-12-10 13:00:00,2201.97,PGE
2018-12-10 14:00:00,2343.71,PGE
2018-12-10 15:00:00,2493.15,PGE
2018-12-10 16:00:00,2657.34,PGE
2018-12-10 17:00:00,2771.1,PGE
2018-12-10 18:00:00,2766.85,PGE
2018-12-10 19:00:00,2755.6,PGE
2018-12-10 20:00:00,2753.02,PGE
2018-12-10 21:00:00,2733.12,PGE
2018-12-10 22:00:00,2705.56,PGE
2018-12-10 23:00:00,2701.01,PGE
2018-12-11 00:00:00,2714.53,PGE
2018-12-11 01:00:00,2826.23,PGE
2018-12-11 02:00:00,2962.67,PGE
2018-12-11 03:00:00,2994.54,PGE
2018-12-11 04:00:00,2939.58,PGE
2018-12-11 05:00:00,2769.75,PGE
2018-12-11 06:00:00,2596.79,PGE
2018-12-11 07:00:00,2422.88,PGE
2018-12-11 08:00:00,2260.49,PGE
2018-12-11 09:00:00,2119.03,PGE
2018-12-11 10:00:00,2035.9,PGE
2018-12-11 11:00:00,2010.0,PGE
2018-12-11 12:00:00,2123.72,PGE
2018-12-11 13:00:00,2281.05,PGE
2018-12-11 14:00:00,2447.5,PGE
2018-12-11 15:00:00,2599.53,PGE
2018-12-11 16:00:00,2739.39,PGE
2018-12-11 17:00:00,2852.09,PGE
2018-12-11 18:00:00,2882.55,PGE
2018-12-11 19:00:00,2881.67,PGE
2018-12-11 20:00:00,2867.96,PGE
2018-12-11 21:00:00,2853.13,PGE
2018-12-11 22:00:00,2846.2,PGE
2018-12-11 23:00:00,2839.35,PGE
2018-12-12 00:00:00,2801.06,PGE
2018-12-12 01:00:00,2835.16,PGE
2018-12-12 02:00:00,2858.83,PGE
2018-12-12 03:00:00,2887.86,PGE
2018-12-12 04:00:00,2855.97,PGE
2018-12-12 05:00:00,2715.21,PGE
2018-12-12 06:00:00,2568.23,PGE
2018-12-12 07:00:00,2409.75,PGE
2018-12-12 08:00:00,2216.51,PGE
2018-12-12 09:00:00,2057.07,PGE
2018-12-12 10:00:00,1988.42,PGE
2018-12-12 11:00:00,1969.92,PGE
2018-12-12 12:00:00,2063.69,PGE
2018-12-12 13:00:00,2213.23,PGE
2018-12-12 14:00:00,2387.55,PGE
2018-12-12 15:00:00,2569.97,PGE
2018-12-12 16:00:00,2760.17,PGE
2018-12-12 17:00:00,2869.77,PGE
2018-12-12 18:00:00,2848.74,PGE
2018-12-12 19:00:00,2807.52,PGE
2018-12-12 20:00:00,2797.3,PGE
2018-12-12 21:00:00,2786.56,PGE
2018-12-12 22:00:00,2746.06,PGE
2018-12-12 23:00:00,2736.12,PGE
2018-12-13 00:00:00,2679.57,PGE
2018-12-13 01:00:00,2845.72,PGE
2018-12-13 02:00:00,2932.91,PGE
2018-12-13 03:00:00,3010.71,PGE
2018-12-13 04:00:00,2994.55,PGE
2018-12-13 05:00:00,2837.25,PGE
2018-12-13 06:00:00,2647.52,PGE
2018-12-13 07:00:00,2453.2,PGE
2018-12-13 08:00:00,2279.24,PGE
2018-12-13 09:00:00,2120.46,PGE
2018-12-13 10:00:00,2011.48,PGE
2018-12-13 11:00:00,1991.23,PGE
2018-12-13 12:00:00,2083.72,PGE
2018-12-13 13:00:00,2233.81,PGE
2018-12-13 14:00:00,2394.47,PGE
2018-12-13 15:00:00,2541.1,PGE
2018-12-13 16:00:00,2728.0,PGE
2018-12-13 17:00:00,2823.3,PGE
2018-12-13 18:00:00,2804.45,PGE
2018-12-13 19:00:00,2770.53,PGE
2018-12-13 20:00:00,2734.4,PGE
2018-12-13 21:00:00,2697.3,PGE
2018-12-13 22:00:00,2676.53,PGE
2018-12-13 23:00:00,2691.6,PGE
2018-12-14 00:00:00,2615.85,PGE
2018-12-14 01:00:00,2750.76,PGE
2018-12-14 02:00:00,2878.23,PGE
2018-12-14 03:00:00,2958.38,PGE
2018-12-14 04:00:00,2928.71,PGE
2018-12-14 05:00:00,2773.6,PGE
2018-12-14 06:00:00,2610.09,PGE
2018-12-14 07:00:00,2458.33,PGE
2018-12-14 08:00:00,2275.52,PGE
2018-12-14 09:00:00,2114.62,PGE
2018-12-14 10:00:00,2034.51,PGE
2018-12-14 11:00:00,2035.3,PGE
2018-12-14 12:00:00,2128.63,PGE
2018-12-14 13:00:00,2267.55,PGE
2018-12-14 14:00:00,2425.11,PGE
2018-12-14 15:00:00,2577.05,PGE
2018-12-14 16:00:00,2806.08,PGE
2018-12-14 17:00:00,2897.14,PGE
2018-12-14 18:00:00,2882.12,PGE
2018-12-14 19:00:00,2813.52,PGE
2018-12-14 20:00:00,2734.86,PGE
2018-12-14 21:00:00,2717.16,PGE
2018-12-14 22:00:00,2750.51,PGE
2018-12-14 23:00:00,2772.3,PGE
2018-12-15 00:00:00,2690.73,PGE
2018-12-15 01:00:00,2727.25,PGE
2018-12-15 02:00:00,2834.22,PGE
2018-12-15 03:00:00,2813.02,PGE
2018-12-15 04:00:00,2791.2,PGE
2018-12-15 05:00:00,2645.45,PGE
2018-12-15 06:00:00,2503.85,PGE
2018-12-15 07:00:00,2339.9,PGE
2018-12-15 08:00:00,2201.14,PGE
2018-12-15 09:00:00,2096.14,PGE
2018-12-15 10:00:00,2029.82,PGE
2018-12-15 11:00:00,1997.94,PGE
2018-12-15 12:00:00,2007.12,PGE
2018-12-15 13:00:00,2072.74,PGE
2018-12-15 14:00:00,2184.37,PGE
2018-12-15 15:00:00,2301.14,PGE
2018-12-15 16:00:00,2439.91,PGE
2018-12-15 17:00:00,2679.42,PGE
2018-12-15 18:00:00,2709.76,PGE
2018-12-15 19:00:00,2673.03,PGE
2018-12-15 20:00:00,2638.11,PGE
2018-12-15 21:00:00,2600.92,PGE
2018-12-15 22:00:00,2588.23,PGE
2018-12-15 23:00:00,2636.69,PGE
2018-12-16 00:00:00,2818.92,PGE
2018-12-16 01:00:00,2913.52,PGE
2018-12-16 02:00:00,2914.31,PGE
2018-12-16 03:00:00,2917.71,PGE
2018-12-16 04:00:00,2876.41,PGE
2018-12-16 05:00:00,2722.32,PGE
2018-12-16 06:00:00,2568.11,PGE
2018-12-16 07:00:00,2393.99,PGE
2018-12-16 08:00:00,2225.56,PGE
2018-12-16 09:00:00,2038.39,PGE
2018-12-16 10:00:00,1937.82,PGE
2018-12-16 11:00:00,1895.88,PGE
2018-12-16 12:00:00,1882.95,PGE
2018-12-16 13:00:00,1939.39,PGE
2018-12-16 14:00:00,2034.27,PGE
2018-12-16 15:00:00,2128.35,PGE
2018-12-16 16:00:00,2219.97,PGE
2018-12-16 17:00:00,2365.26,PGE
2018-12-16 18:00:00,2464.24,PGE
2018-12-16 19:00:00,2552.32,PGE
2018-12-16 20:00:00,2574.15,PGE
2018-12-16 21:00:00,2579.28,PGE
2018-12-16 22:00:00,2570.87,PGE
2018-12-16 23:00:00,2568.67,PGE
2018-12-17 00:00:00,2660.43,PGE
2018-12-17 01:00:00,2733.22,PGE
2018-12-17 02:00:00,2790.61,PGE
2018-12-17 03:00:00,2812.46,PGE
2018-12-17 04:00:00,2768.34,PGE
2018-12-17 05:00:00,2610.87,PGE
2018-12-17 06:00:00,2439.22,PGE
2018-12-17 07:00:00,2271.46,PGE
2018-12-17 08:00:00,2092.96,PGE
2018-12-17 09:00:00,1965.16,PGE
2018-12-17 10:00:00,1908.95,PGE
2018-12-17 11:00:00,1885.55,PGE
2018-12-17 12:00:00,1961.95,PGE
2018-12-17 13:00:00,2128.11,PGE
2018-12-17 14:00:00,2287.76,PGE
2018-12-17 15:00:00,2458.56,PGE
2018-12-17 16:00:00,2637.2,PGE
2018-12-17 17:00:00,2733.54,PGE
2018-12-17 18:00:00,2699.04,PGE
2018-12-17 19:00:00,2656.37,PGE
2018-12-17 20:00:00,2648.62,PGE
2018-12-17 21:00:00,2679.7,PGE
2018-12-17 22:00:00,2717.36,PGE
2018-12-17 23:00:00,2730.61,PGE
2018-12-18 00:00:00,2709.45,PGE
2018-12-18 01:00:00,2838.08,PGE
2018-12-18 02:00:00,2947.12,PGE
2018-12-18 03:00:00,2962.11,PGE
2018-12-18 04:00:00,2916.05,PGE
2018-12-18 05:00:00,2786.24,PGE
2018-12-18 06:00:00,2595.55,PGE
2018-12-18 07:00:00,2400.2,PGE
2018-12-18 08:00:00,2201.39,PGE
2018-12-18 09:00:00,2022.87,PGE
2018-12-18 10:00:00,1918.3,PGE
2018-12-18 11:00:00,1893.03,PGE
2018-12-18 12:00:00,1928.37,PGE
2018-12-18 13:00:00,2062.94,PGE
2018-12-18 14:00:00,2216.39,PGE
2018-12-18 15:00:00,2379.78,PGE
2018-12-18 16:00:00,2536.92,PGE
2018-12-18 17:00:00,2601.51,PGE
2018-12-18 18:00:00,2614.14,PGE
2018-12-18 19:00:00,2608.43,PGE
2018-12-18 20:00:00,2623.35,PGE
2018-12-18 21:00:00,2632.61,PGE
2018-12-18 22:00:00,2647.89,PGE
2018-12-18 23:00:00,2663.98,PGE
2018-12-19 00:00:00,2626.64,PGE
2018-12-19 01:00:00,2713.6,PGE
2018-12-19 02:00:00,2798.92,PGE
2018-12-19 03:00:00,2854.02,PGE
2018-12-19 04:00:00,2794.87,PGE
2018-12-19 05:00:00,2638.79,PGE
2018-12-19 06:00:00,2453.71,PGE
2018-12-19 07:00:00,2273.71,PGE
2018-12-19 08:00:00,2104.27,PGE
2018-12-19 09:00:00,1967.36,PGE
2018-12-19 10:00:00,1915.14,PGE
2018-12-19 11:00:00,1899.26,PGE
2018-12-19 12:00:00,1980.4,PGE
2018-12-19 13:00:00,2124.73,PGE
2018-12-19 14:00:00,2280.19,PGE
2018-12-19 15:00:00,2447.9,PGE
2018-12-19 16:00:00,2603.51,PGE
2018-12-19 17:00:00,2689.85,PGE
2018-12-19 18:00:00,2644.22,PGE
2018-12-19 19:00:00,2629.54,PGE
2018-12-19 20:00:00,2623.87,PGE
2018-12-19 21:00:00,2640.0,PGE
2018-12-19 22:00:00,2674.3,PGE
2018-12-19 23:00:00,2706.31,PGE
2018-12-20 00:00:00,2771.39,PGE
2018-12-20 01:00:00,2861.82,PGE
2018-12-20 02:00:00,2966.84,PGE
2018-12-20 03:00:00,2956.2,PGE
2018-12-20 04:00:00,2887.98,PGE
2018-12-20 05:00:00,2720.67,PGE
2018-12-20 06:00:00,2536.07,PGE
2018-12-20 07:00:00,2334.96,PGE
2018-12-20 08:00:00,2135.68,PGE
2018-12-20 09:00:00,1993.4,PGE
2018-12-20 10:00:00,1923.87,PGE
2018-12-20 11:00:00,1900.0,PGE
2018-12-20 12:00:00,1960.41,PGE
2018-12-20 13:00:00,2092.13,PGE
2018-12-20 14:00:00,2249.48,PGE
2018-12-20 15:00:00,2426.05,PGE
2018-12-20 16:00:00,2568.7,PGE
2018-12-20 17:00:00,2644.05,PGE
2018-12-20 18:00:00,2674.18,PGE
2018-12-20 19:00:00,2692.26,PGE
2018-12-20 20:00:00,2716.46,PGE
2018-12-20 21:00:00,2717.64,PGE
2018-12-20 22:00:00,2746.51,PGE
2018-12-20 23:00:00,2764.55,PGE
2018-12-21 00:00:00,2794.77,PGE
2018-12-21 01:00:00,2863.28,PGE
2018-12-21 02:00:00,2934.02,PGE
2018-12-21 03:00:00,3020.72,PGE
2018-12-21 04:00:00,2962.08,PGE
2018-12-21 05:00:00,2779.25,PGE
2018-12-21 06:00:00,2610.4,PGE
2018-12-21 07:00:00,2439.7,PGE
2018-12-21 08:00:00,2266.76,PGE
2018-12-21 09:00:00,2130.85,PGE
2018-12-21 10:00:00,2057.84,PGE
2018-12-21 11:00:00,2024.14,PGE
2018-12-21 12:00:00,2146.52,PGE
2018-12-21 13:00:00,2309.46,PGE
2018-12-21 14:00:00,2469.1,PGE
2018-12-21 15:00:00,2631.4,PGE
2018-12-21 16:00:00,2788.12,PGE
2018-12-21 17:00:00,2948.35,PGE
2018-12-21 18:00:00,2942.89,PGE
2018-12-21 19:00:00,2952.48,PGE
2018-12-21 20:00:00,2937.14,PGE
2018-12-21 21:00:00,2902.47,PGE
2018-12-21 22:00:00,2876.98,PGE
2018-12-21 23:00:00,2870.55,PGE
2018-12-22 00:00:00,2741.77,PGE
2018-12-22 01:00:00,2865.25,PGE
2018-12-22 02:00:00,2938.76,PGE
2018-12-22 03:00:00,2957.53,PGE
2018-12-22 04:00:00,2905.73,PGE
2018-12-22 05:00:00,2794.32,PGE
2018-12-22 06:00:00,2667.31,PGE
2018-12-22 07:00:00,2515.34,PGE
2018-12-22 08:00:00,2356.47,PGE
2018-12-22 09:00:00,2237.64,PGE
2018-12-22 10:00:00,2155.39,PGE
2018-12-22 11:00:00,2128.89,PGE
2018-12-22 12:00:00,2153.13,PGE
2018-12-22 13:00:00,2200.21,PGE
2018-12-22 14:00:00,2272.07,PGE
2018-12-22 15:00:00,2372.8,PGE
2018-12-22 16:00:00,2488.2,PGE
2018-12-22 17:00:00,2683.77,PGE
2018-12-22 18:00:00,2745.11,PGE
2018-12-22 19:00:00,2786.26,PGE
2018-12-22 20:00:00,2772.06,PGE
2018-12-22 21:00:00,2748.48,PGE
2018-12-22 22:00:00,2715.16,PGE
2018-12-22 23:00:00,2699.21,PGE
2018-12-23 00:00:00,2798.32,PGE
2018-12-23 01:00:00,2929.39,PGE
2018-12-23 02:00:00,3017.32,PGE
2018-12-23 03:00:00,3018.21,PGE
2018-12-23 04:00:00,2925.33,PGE
2018-12-23 05:00:00,2761.34,PGE
2018-12-23 06:00:00,2603.94,PGE
2018-12-23 07:00:00,2421.15,PGE
2018-12-23 08:00:00,2216.94,PGE
2018-12-23 09:00:00,2024.08,PGE
2018-12-23 10:00:00,1926.28,PGE
2018-12-23 11:00:00,1888.14,PGE
2018-12-23 12:00:00,1881.48,PGE
2018-12-23 13:00:00,1925.24,PGE
2018-12-23 14:00:00,1999.01,PGE
2018-12-23 15:00:00,2092.87,PGE
2018-12-23 16:00:00,2193.08,PGE
2018-12-23 17:00:00,2374.7,PGE
2018-12-23 18:00:00,2449.69,PGE
2018-12-23 19:00:00,2478.57,PGE
2018-12-23 20:00:00,2496.84,PGE
2018-12-23 21:00:00,2512.43,PGE
2018-12-23 22:00:00,2542.9,PGE
2018-12-23 23:00:00,2572.41,PGE
2018-12-24 00:00:00,2715.23,PGE
2018-12-24 01:00:00,2803.35,PGE
2018-12-24 02:00:00,2883.5,PGE
2018-12-24 03:00:00,2891.98,PGE
2018-12-24 04:00:00,2826.55,PGE
2018-12-24 05:00:00,2648.6,PGE
2018-12-24 06:00:00,2457.76,PGE
2018-12-24 07:00:00,2270.5,PGE
2018-12-24 08:00:00,2086.57,PGE
2018-12-24 09:00:00,1996.73,PGE
2018-12-24 10:00:00,1918.29,PGE
2018-12-24 11:00:00,1898.76,PGE
2018-12-24 12:00:00,2005.3,PGE
2018-12-24 13:00:00,2149.45,PGE
2018-12-24 14:00:00,2310.48,PGE
2018-12-24 15:00:00,2478.99,PGE
2018-12-24 16:00:00,2658.09,PGE
2018-12-24 17:00:00,2774.3,PGE
2018-12-24 18:00:00,2778.99,PGE
2018-12-24 19:00:00,2787.19,PGE
2018-12-24 20:00:00,2795.77,PGE
2018-12-24 21:00:00,2795.45,PGE
2018-12-24 22:00:00,2806.03,PGE
2018-12-24 23:00:00,2821.19,PGE
2018-12-25 00:00:00,2670.07,PGE
2018-12-25 01:00:00,2760.9,PGE
2018-12-25 02:00:00,2802.55,PGE
2018-12-25 03:00:00,2839.23,PGE
2018-12-25 04:00:00,2762.96,PGE
2018-12-25 05:00:00,2671.22,PGE
2018-12-25 06:00:00,2510.9,PGE
2018-12-25 07:00:00,2347.8,PGE
2018-12-25 08:00:00,2184.38,PGE
2018-12-25 09:00:00,2038.09,PGE
2018-12-25 10:00:00,1982.48,PGE
2018-12-25 11:00:00,1967.48,PGE
2018-12-25 12:00:00,2011.78,PGE
2018-12-25 13:00:00,2132.71,PGE
2018-12-25 14:00:00,2267.92,PGE
2018-12-25 15:00:00,2392.54,PGE
2018-12-25 16:00:00,2503.34,PGE
2018-12-25 17:00:00,2714.1,PGE
2018-12-25 18:00:00,2752.27,PGE
2018-12-25 19:00:00,2721.95,PGE
2018-12-25 20:00:00,2711.75,PGE
2018-12-25 21:00:00,2703.14,PGE
2018-12-25 22:00:00,2713.18,PGE
2018-12-25 23:00:00,2714.04,PGE
2018-12-26 00:00:00,2705.33,PGE
2018-12-26 01:00:00,2820.84,PGE
2018-12-26 02:00:00,2957.03,PGE
2018-12-26 03:00:00,3060.73,PGE
2018-12-26 04:00:00,3043.07,PGE
2018-12-26 05:00:00,2888.53,PGE
2018-12-26 06:00:00,2728.33,PGE
2018-12-26 07:00:00,2548.81,PGE
2018-12-26 08:00:00,2380.72,PGE
2018-12-26 09:00:00,2225.94,PGE
2018-12-26 10:00:00,2135.4,PGE
2018-12-26 11:00:00,2098.78,PGE
2018-12-26 12:00:00,2245.59,PGE
2018-12-26 13:00:00,2441.05,PGE
2018-12-26 14:00:00,2626.51,PGE
2018-12-26 15:00:00,2757.59,PGE
2018-12-26 16:00:00,2901.07,PGE
2018-12-26 17:00:00,3068.88,PGE
2018-12-26 18:00:00,3060.52,PGE
2018-12-26 19:00:00,3019.91,PGE
2018-12-26 20:00:00,2988.85,PGE
2018-12-26 21:00:00,2937.83,PGE
2018-12-26 22:00:00,2921.1,PGE
2018-12-26 23:00:00,2915.86,PGE
2018-12-27 00:00:00,2927.17,PGE
2018-12-27 01:00:00,3016.03,PGE
2018-12-27 02:00:00,3047.51,PGE
2018-12-27 03:00:00,3058.25,PGE
2018-12-27 04:00:00,3007.99,PGE
2018-12-27 05:00:00,2821.37,PGE
2018-12-27 06:00:00,2636.15,PGE
2018-12-27 07:00:00,2456.68,PGE
2018-12-27 08:00:00,2276.91,PGE
2018-12-27 09:00:00,2140.67,PGE
2018-12-27 10:00:00,2019.39,PGE
2018-12-27 11:00:00,1969.91,PGE
2018-12-27 12:00:00,2087.11,PGE
2018-12-27 13:00:00,2249.35,PGE
2018-12-27 14:00:00,2406.87,PGE
2018-12-27 15:00:00,2564.51,PGE
2018-12-27 16:00:00,2752.32,PGE
2018-12-27 17:00:00,2897.95,PGE
2018-12-27 18:00:00,2906.66,PGE
2018-12-27 19:00:00,2913.97,PGE
2018-12-27 20:00:00,2914.99,PGE
2018-12-27 21:00:00,2913.52,PGE
2018-12-27 22:00:00,2910.55,PGE
2018-12-27 23:00:00,2896.44,PGE
2018-12-28 00:00:00,2762.16,PGE
2018-12-28 01:00:00,2871.8,PGE
2018-12-28 02:00:00,3055.28,PGE
2018-12-28 03:00:00,3121.42,PGE
2018-12-28 04:00:00,3067.64,PGE
2018-12-28 05:00:00,2896.0,PGE
2018-12-28 06:00:00,2713.57,PGE
2018-12-28 07:00:00,2537.84,PGE
2018-12-28 08:00:00,2375.87,PGE
2018-12-28 09:00:00,2247.07,PGE
2018-12-28 10:00:00,2171.31,PGE
2018-12-28 11:00:00,2150.52,PGE
2018-12-28 12:00:00,2218.77,PGE
2018-12-28 13:00:00,2368.81,PGE
2018-12-28 14:00:00,2533.23,PGE
2018-12-28 15:00:00,2692.4,PGE
2018-12-28 16:00:00,2864.88,PGE
2018-12-28 17:00:00,3043.75,PGE
2018-12-28 18:00:00,3042.37,PGE
2018-12-28 19:00:00,3022.02,PGE
2018-12-28 20:00:00,3023.78,PGE
2018-12-28 21:00:00,3024.81,PGE
2018-12-28 22:00:00,3025.45,PGE
2018-12-28 23:00:00,3001.62,PGE
2018-12-29 00:00:00,2938.78,PGE
2018-12-29 01:00:00,2986.41,PGE
2018-12-29 02:00:00,2995.65,PGE
2018-12-29 03:00:00,2967.46,PGE
2018-12-29 04:00:00,2879.04,PGE
2018-12-29 05:00:00,2729.63,PGE
2018-12-29 06:00:00,2564.98,PGE
2018-12-29 07:00:00,2390.71,PGE
2018-12-29 08:00:00,2217.23,PGE
2018-12-29 09:00:00,2064.02,PGE
2018-12-29 10:00:00,1976.18,PGE
2018-12-29 11:00:00,1953.09,PGE
2018-12-29 12:00:00,1966.57,PGE
2018-12-29 13:00:00,2050.01,PGE
2018-12-29 14:00:00,2142.35,PGE
2018-12-29 15:00:00,2229.76,PGE
2018-12-29 16:00:00,2322.8,PGE
2018-12-29 17:00:00,2431.65,PGE
2018-12-29 18:00:00,2551.89,PGE
2018-12-29 19:00:00,2633.44,PGE
2018-12-29 20:00:00,2652.37,PGE
2018-12-29 21:00:00,2658.63,PGE
2018-12-29 22:00:00,2662.83,PGE
2018-12-29 23:00:00,2670.88,PGE
2018-12-30 00:00:00,2820.05,PGE
2018-12-30 01:00:00,2834.26,PGE
2018-12-30 02:00:00,2833.96,PGE
2018-12-30 03:00:00,2777.77,PGE
2018-12-30 04:00:00,2735.92,PGE
2018-12-30 05:00:00,2607.21,PGE
2018-12-30 06:00:00,2430.0,PGE
2018-12-30 07:00:00,2251.64,PGE
2018-12-30 08:00:00,2098.08,PGE
2018-12-30 09:00:00,2008.67,PGE
2018-12-30 10:00:00,1956.76,PGE
2018-12-30 11:00:00,1941.38,PGE
2018-12-30 12:00:00,1958.29,PGE
2018-12-30 13:00:00,2043.27,PGE
2018-12-30 14:00:00,2150.36,PGE
2018-12-30 15:00:00,2262.94,PGE
2018-12-30 16:00:00,2360.26,PGE
2018-12-30 17:00:00,2577.91,PGE
2018-12-30 18:00:00,2659.66,PGE
2018-12-30 19:00:00,2699.61,PGE
2018-12-30 20:00:00,2705.3,PGE
2018-12-30 21:00:00,2689.64,PGE
2018-12-30 22:00:00,2673.4,PGE
2018-12-30 23:00:00,2654.67,PGE
2018-12-31 00:00:00,2755.77,PGE
2018-12-31 01:00:00,2894.97,PGE
2018-12-31 02:00:00,2960.69,PGE
2018-12-31 03:00:00,3004.14,PGE
2018-12-31 04:00:00,2969.1,PGE
2018-12-31 05:00:00,2814.44,PGE
2018-12-31 06:00:00,2652.11,PGE
2018-12-31 07:00:00,2484.98,PGE
2018-12-31 08:00:00,2320.07,PGE
2018-12-31 09:00:00,2188.2,PGE
2018-12-31 10:00:00,2118.74,PGE
2018-12-31 11:00:00,2098.99,PGE
2018-12-31 12:00:00,2235.72,PGE
2018-12-31 13:00:00,2411.97,PGE
2018-12-31 14:00:00,2591.68,PGE
2018-12-31 15:00:00,2759.92,PGE
2018-12-31 16:00:00,2926.57,PGE
2018-12-31 17:00:00,3066.62,PGE
2018-12-31 18:00:00,3045.41,PGE
2018-12-31 19:00:00,2996.18,PGE
2018-12-31 20:00:00,2953.57,PGE
2018-12-31 21:00:00,2926.16,PGE
2018-12-31 22:00:00,2908.95,PGE
2018-12-31 23:00:00,2918.67,PGE
